-220891.5191
-212354.1335
-203654.9027
-197551.3629
-193044.5192
-189698.7146
-187495.7454
-185366.6525
-184057.608
-183402.0179
-182302.5833
-182059.1907
-181695.5498
-181741.6082
-180896.634
-180559.4788
-179923.641
-179170.4808
-179205.676
-179765.6811
-179960.69
-179570.7462
-179849.4209
-179925.0705
-179766.8441
-180452.385
-180594.3474
-180194.9627
-180175.8228
-180520.9585
-179997.1185
-180125.5745
-180421.6419
-180302.6442
-180195.8355
-179488.5094
-179588.2801
-179715.3129
-179447.9711
-179389.6936
-179024.6236
-179642.5186
-179387.6232
-178756.0408
-179157.1021
-179317.6267
-179155.2553
-178731.0333
-179429.7014
-179877.1541
-179500.3421
-180024.7732
-179842.5701
-179957.0258
-179857.6885
-179694.8603
-179391.6185
-179467.5626
-179243.6053
-179127.4317
-179168.6773
-179159.1423
-179335.9515
-178904.6398
-179085.0901
-179700.8431
-179271.9395
-179115.7816
-179039.3204
-179554.068
-179783.9885
-179717.1801
-180003.4859
-179739.9333
-180104.7863
-179270.5906
-179294.7319
-178758.7235
-178601.9886
-178897.9326
-179188.3817
-179209.8855
-179020.5944
-179033.4211
-179077.506
-179232.2664
-178973.8769
-178991.3844
-179296.3378
-179478.4105
-179264.5414
-179177.9154
-179349.1928
-179382.0814
-179872.2232
-179567.5004
-179690.2686
-179603.4071
-179834.665
-179436.5025
-179866.6607
-179943.129
-179191.5006
-179537.1115
-179704.676
-179773.2171
-179618.75
-179468.2878
-179225.2256
-179885.5395
-179844.9848
-179529.3495
-179554.7488
-179722.8435
-179680.2121
-179420.0194
-179336.1459
-179078.2774
-179220.8276
-178949.0269
-179606.8268
-179216.3986
-179288.8695
-179283.5988
-179134.9698
-179175.2703
-178868.7624
-179005.6917
-179013.6305
-178538.8317
-178907.2347
-178944.1608
-179386.1188
-179261.1181
-179634.7664
-179411.9501
-179099.0584
-179317.0046
-179264.4123
-178840.3459
-178413.9226
-178535.8645
-178829.9176
-178751.0605
-178791.0451
-178973.2899
-179602.8405
-179048.7209
-179422.0574
-179304.0804
-179287.1814
-179221.3697
-179148.3403
-179567.0051
-179749.755
-179980.2562
-179660.283
-179275.2413
-179322.8545
-179434.5459
-180033.1042
-179631.6222
-179381.847
-179712.6149
-179796.1032
-179368.8674
-179382.9899
-178810.4386
-178815.1218
-178948.4972
-179355.6759
-178959.974
-179086.7331
-179446.8025
-179446.5036
-179229.0353
-178902.4075
-178857.1132
-178862.708
-179015.2027
-178919.726
-178895.3977
-179188.9382
-178673.3278
-178791.3634
-178669.8272
-179127.8871
-179343.4822
-179061.9201
-178878.365
-178998.3623
-179358.5214
-179022.3115
-179375.2855
-179093.6173
-179544.8102
-178953.1214
-179662.2953
-179264.8131
-179124.7348
-179300.9864
-179158.3765
-179446.4721
-179200.4158
-179227.0363
-179619.2833
-179786.0422
-179592.2514
-179036.1656
-179060.535
-179149.5146
-179037.3536
-179657.8828
-179533.7653
-178951.3321
-178620.5614
-178180.0325
-178687.4099
-178492.6902
-179040.7322
-178577.0546
-178576.8683
-178972.8337
-179051.2547
-179215.7049
-178869.8816
-178824.9895
-178649.21
-179015.4786
-179006.8465
-178971.4344
-179149.8778
-179501.8802
-179015.9924
-178706.4336
-179025.7595
-178898.8542
-178927.0261
-179435.9296
-179156.5746
-179643.1387
-179413.7265
-179231.8958
-179451.4902
-179244.8521
-179375.864
-179813.9212
-178819.5585
-179009.8864
-179346.8815
-179004.7144
-179096.3752
-179027.4948
-179592.1398
-179116.1042
-179544.1611
-179758.2615
-179015.6146
-179325.2653
-179301.0742
-180125.2155
-179537.152
-179242.9906
-179540.3136
-179634.5395
-178851.5693
-179252.7143
-178320.2321
-178624.9045
-178807.6652
-179287.3186
-179064.5964
-179192.2729
-178823.7767
-178886.8583
-178578.806
-178528.2403
-178509.9824
-178618.9406
-179037.0414
-178911.9654
-179110.5954
-178483.2898
-178587.8369
-178748.7939
-178485.3651
-178310.7112
-178572.0486
-178595.1186
-178440.776
-178385.5791
-178392.1642
-178539.0817
-178871.885
-179447.7532
-179466.3073
-178812.4806
-179140.5189
-179039.9477
-179031.8463
