10 9 9 0.00361268 8 3.66505 7 7.45134e-05 6 0.00165629 5 3.44107 4 0.00356225 0 0.00535062 1 0.0139436 2 0.0030181 3 0.00220722 
10 8 9 0.000317748 8 0.708094 7 6.79146e-05 6 0.000159781 5 0.000169709 4 0.000490445 0 0.000142672 1 0.000396494 2 0.000198012 3 0.00013474 
10 7 9 0.0193473 8 0.00128045 7 0.00347919 6 0.0205117 5 0.00249233 4 0.017443 0 2.97145 1 0.000183433 2 0.00589268 3 0.0163998 
10 6 9 0.00365393 8 2.44957 7 0.00510303 6 0.000535017 5 0.00127465 4 9.99439 0 0.00228114 1 0.00229279 2 0.00109859 3 0.00818388 
10 5 9 0.00169926 8 0.0163905 7 0.000226216 6 0.0018296 5 0.00936332 4 3.82633 0 0.000265688 1 2.71531 2 0.00298356 3 0.00305901 
10 4 9 0.000562977 8 2.71312 7 4.47698e-06 6 1.41833e-05 5 0.000715309 4 0.50629 0 5.03611e-05 1 0.000139389 2 3.03481e-05 3 7.15227e-05 
10 0 9 0.00261072 8 0.00234915 7 0.00359773 6 0.00388855 5 0.00370327 4 0.000493188 0 0.00263132 1 3.26263e-05 2 0.000332714 3 0.00246007 
10 1 9 0.00026804 8 0.779262 7 0.00029442 6 1.37114e-05 5 0.000333458 4 3.65047 0 0.000115487 1 0.31631 2 0.000142621 3 0.00201122 
10 2 9 3.28396 8 3.77522 7 0.0104721 6 0.00148399 5 0.00480871 4 6.89898 0 0.0085638 1 0.000296723 2 0.00836455 3 0.00188387 
10 3 9 0.00430965 8 0.776578 7 0.00325827 6 0.0143007 5 0.00915353 4 6.09329 0 0.00039282 1 0.000207895 2 0.00336283 3 0.0032179 
