1 49 49 0.00975903 
1 48 48 0.0663814 
18 46 41 0.0318998 40 0.00134249 37 0.0359471 33 0.00458397 3 0.0141188 2 0.0282466 13 0.00674972 1 0.103405 12 0.0665122 46 0.0252797 23 0.0342073 0 0.0597175 11 0.0303736 4 0.0565933 28 0.00973912 5 0.0140096 39 0.0246563 16 0.172588 
1 21 21 0.0233863 
2 20 23 0.0173999 20 0.0019877 
1 19 19 0.0117801 
13 18 37 0.0173596 8 0.0282433 2 0.0662801 24 0.0582758 5 0.033168 16 0.0412568 27 0.0183173 33 0.0767906 41 0.0467432 18 0.0745904 46 0.045148 0 0.153741 23 0.0843606 
2 17 34 0.111195 17 0.0530979 
25 16 46 0.0118742 41 0.0775781 40 0.10561 12 0.0837051 10 0.0423638 33 0.0546208 8 0.018122 7 0.0107561 30 0.039279 6 0.116362 5 0.026431 28 0.0460989 0 0.133623 23 0.0340184 2 0.0750526 3 0.0723772 4 0.0595993 27 0.0337976 14 0.0737547 15 0.0115062 16 0.0740469 18 0.062356 20 0.0647528 22 0.0558999 24 0.128093 
9 15 27 0.0222382 20 0.0308594 41 0.0274623 8 0.105671 0 2.90857e-21 15 0.112977 4 0.163065 6 0.0289186 7 0.0406384 
21 14 40 0.00827488 36 0.0705735 33 0.00654517 27 0.0351569 22 0.0484262 41 0.0260927 18 0.0669551 3 0.0327915 14 0.0420178 2 0.0173557 24 0.134217 1 0.0984635 12 0.0753069 46 0.0517853 0 0.006721 28 0.113117 5 0.0144151 39 0.0769427 16 0.00731515 8 0.00883579 15 0.0308814 
3 13 32 0.126648 25 0.071907 13 0.172631 
10 12 12 0.0641144 41 0.0474594 8 0.0535752 7 0.0421426 0 0.0143353 16 0.0683751 5 0.0143953 15 0.0482871 4 0.106653 6 0.0647265 
2 11 39 0.0103315 11 0.088774 
2 10 10 0.137953 7 0.114121 
26 3 46 0.0583789 45 0.0121187 44 0.0591033 40 0.1096 12 0.0896845 10 0.0393813 33 0.0135089 8 0.0456364 7 0.00592466 30 0.0422493 6 0.0392605 0 0.0572514 23 0.105928 5 0.0198025 28 0.0497353 2 0.0403049 14 5.29011e-58 3 0.0824592 15 0.0799634 16 0.0472958 39 0.0034016 18 0.0552308 20 0.0495262 22 0.124115 24 0.0093403 27 0.0484927 
7 2 41 0.10076 39 0.0578341 36 0.048036 2 0.0485838 5 0.0395745 16 0.0076721 23 0.0802518 
1 1 1 0.103372 
29 0 46 0.0169077 44 0.00997065 43 0.0745046 41 0.0333979 40 0.00220987 39 0.0419689 36 0.0811196 8 0.0385572 7 0.0879517 30 0.0191382 6 0.03793 5 0.0346096 28 0.0458165 4 0.0377458 11 0.0246182 0 0.0527177 23 0.0116483 1 0.00720762 24 0.0186119 2 0.0118612 3 0.0251982 12 0.000430903 13 0.116477 14 0.0752626 15 0.0138497 16 0.0251556 18 0.0569807 20 0.0273275 33 0.0575425 
19 4 33 0.00768722 20 0.0153552 18 0.0263136 39 0.0368326 16 0.00508234 4 0.0864494 15 0.0350538 3 0.0498316 37 0.0651618 14 0.0626899 2 0.044535 13 0.0166759 46 0.00878564 23 0.0391535 0 0.00753174 28 0.0983383 5 0.0194942 8 0.0639441 12 0.181796 
30 5 46 0.0332019 45 0.0736028 44 0.0485347 41 0.0157808 40 0.0102369 39 0.0233347 36 0.060597 33 0.0250121 9 0.0426562 8 0.0305892 7 0.00612966 30 0.126813 6 0.0431854 5 0.00793104 28 0.0314361 4 0.0438035 27 0.0299619 0 0.0212982 23 0.113632 1 0.0780006 24 0.0983164 2 0.037662 3 0.0102805 11 0.0260668 12 0.031523 14 0.020496 15 0.00384363 16 0.0649447 20 0.00349013 22 0.034008 
9 6 24 0.042372 15 0.0531873 10 0.03279 8 0.0623707 7 0.0346184 0 0.0820091 5 0.0141638 3 0.0315176 6 0.103911 
6 7 15 0.042357 22 0.0843404 0 0.0312707 10 0.0470884 6 0.0742545 7 0.0699019 
23 8 44 0.00496452 12 0.0768864 8 0.129793 7 0.113132 6 0.0756113 5 0.00260306 28 0.0612704 0 0.0681302 2 0.066466 14 0.0637009 3 0.00735924 4 0.0840549 27 0.0425718 15 0.0575401 16 0.0260479 18 0.0123968 41 0.0323551 20 0.0761114 22 0.0679361 24 0.127359 33 0.0298088 36 0.0397747 40 0.00265325 
4 9 31 0.0260859 9 0.0351245 40 0.0778074 0 0.0821136 
2 22 22 0.0569995 12 0.0427461 
10 23 41 0.037855 28 0.118153 6 0.0371248 5 0.0345385 4 0.0200525 0 0.056816 23 0.0461896 1 0.0212859 2 0.0712872 3 0.0699927 
9 24 30 0.0208447 24 0.0762129 15 0.033958 27 0.0551649 5 0.0484731 7 0.000125439 36 0.120879 3 0.0441122 14 0.0491376 
1 25 25 4.78364e-52 
1 26 26 0.0723207 
19 27 40 0.07552 24 0.0295208 22 0.0221855 43 0.0636253 20 0.123117 27 0.0271426 4 0.0570642 15 0.100623 3 0.0376071 14 0.0722833 2 0.0702523 23 0.0329197 0 0.0105776 28 0.131731 5 0.0165466 30 0.0676774 7 0.0366876 8 0.0130523 12 0.0512766 
22 28 45 0.0399437 44 0.0539981 42 0.034086 40 0.0538648 33 0.100987 27 0.0432009 4 0.0917422 3 0.0269296 14 0.0549597 2 0.125027 46 0.0466646 23 0.0516431 0 0.117875 28 0.073298 5 0.0228519 39 0.0329032 16 0.00957865 30 0.0931447 7 0.0394587 41 0.0364628 18 0.0570065 8 0.0470109 
7 30 33 0.0367704 0 0.038937 41 0.0300279 30 0.129497 16 0.0102631 46 0.0386125 24 0.0516728 
3 31 35 0.0425796 31 0.15719 9 0.0190284 
1 32 32 0.0814359 
6 33 46 0.105035 2 0.0343299 41 0.068369 8 0.0790214 18 0.040527 33 0.115863 
1 34 34 0.122974 
3 35 35 0.137925 31 0.164899 29 0.0328767 
1 36 36 0.160371 
17 37 44 0.0453908 41 0.00870137 37 0.0617651 36 0.0380505 33 3.00095e-100 2 0.0296017 1 0.0541872 46 0.0634141 23 0.15062 0 0.0159326 30 0.00731743 7 0.0992301 8 0.0221599 16 0.0351111 4 0.034184 27 0.0320272 28 0.0220575 
1 38 38 0.0428776 
3 39 39 0.0530246 11 0.0796278 2 0.00670758 
25 40 46 0.0845267 41 0.00207989 40 0.0936085 12 0.0429563 8 0.0673448 7 0.00531933 30 0.183358 6 0.00666288 5 0.0220314 28 0.0421416 0 0.0532004 23 0.135274 2 0.136528 14 0.0351508 3 0.0112413 4 0.0884442 27 0.0289783 15 0.0529531 16 0.0225308 39 0.0136186 20 0.0210483 22 0.0442903 24 0.0364636 33 0.102404 36 0.0765471 
8 41 41 0.152093 39 0.00471021 28 0.0152487 33 0.0856969 0 0.0197571 5 0.0745181 1 0.010223 2 0.0941014 
1 42 42 0.033613 
