-217834.5735
-210910.4381
-206790.8995
-204155.8749
-202895.83
-201793.5406
-201212.2771
-201108.2336
-200819.2472
-200764.4315
-200270.6884
-200371.3948
-200413.6505
-200006.0622
-199385.4482
-199280.3933
-199490.6569
-199372.5887
-199572.1519
-199804.4321
-199802.6663
-199793.7672
-199449.8762
-199697.0284
-199504.2853
-199635.9623
-199373.93
-199072.876
-199264.576
-199180.5302
-199437.5019
-199558.39
-199221.0206
-199538.1277
-199569.5623
-199651.3079
-199716.5555
-199447.6177
-198834.678
-199030.4823
-199189.2013
-199128.2426
-199163.9185
-199458.2003
-199212.9595
-199107.2087
-198948.3361
-198640.7375
-198784.0167
-199146.8306
-198865.7757
-198970.0592
-198748.6066
-198948.1241
-199215.6066
-199486.438
-198917.557
-199237.9008
-199293.978
-199476.9139
-199771.9164
-198928.5795
-199421.7089
-199152.3795
-198833.5608
-199542.9861
-199470.3874
-199300.0326
-199355.9473
-199476.4136
-199883.1336
-199557.787
-199271.4267
-198483.7691
-198757.8439
-199300.7056
-198665.1458
-198916.8589
-199004.3408
-199550.8104
-199140.0297
-199575.5063
-199859.1167
-199665.3487
-199632.7493
-199810.4856
-199422.9057
-199502.6094
-199012.4737
-199265.0383
-199556.5954
-199363.7878
-199825.467
-199669.8756
-199404.9807
-198888.8888
-198964.3228
-198867.7788
-199098.7223
-199018.4466
-199579.9695
-199107.5964
-199118.2787
-198481.0018
-199460.8173
-198905.7541
-198329.3989
-198835.8379
-198848.3951
-198805.8667
-199001.5102
-199152.5509
-199099.3518
-198761.3649
-198897.358
-199110.3007
-198631.3152
-199015.7534
-199449.4188
-199334.7636
-199414.7567
-199533.8553
-198891.2328
-198688.1359
-198623.7885
-199136.727
-199164.0327
-198566.3179
-198747.3735
-199305.3485
-199118.2394
-199556.1227
-199744.9152
-199288.1096
-199324.1422
-199170.811
-199624.155
-199215.2977
-199470.4039
-199700.675
-199526.7121
-199916.6501
-198819.4075
-199051.3159
-199017.1564
-199291.2952
-198858.1356
-198923.8917
-198996.9648
-199290.5162
-199208.0689
-198938.5976
-199065.4494
-199422.7278
-198942.6193
-199490.8102
-199145.5766
-199189.6546
-199396.3048
-199274.6046
-199514.4372
-199530.4676
-198846.0756
-198799.4076
-198811.4298
-199278.618
-198860.0624
-199087.2025
-198872.2064
-199048.0056
-199250.2379
-198599.2284
-198932.7781
-198513.9439
-198662.1102
-199153.8583
-198902.997
-199431.1542
-198963.6473
-199301.9167
-198922.704
-198644.3306
-198912.016
-198467.8363
-198697.7027
-198867.4372
-199067.4286
-199373.8811
-199185.0681
-199285.015
-198789.914
-199340.7827
-199162.2766
-199364.5998
-199294.6551
-198908.5258
-199011.2769
-199010.3293
-198731.2042
-198916.7106
-198613.7285
-199165.93
-198739.0885
-199337.1155
-199588.335
-199161.5471
-199339.7467
-199271.1443
-198713.7946
-199241.4854
-199674.1575
-199406.3573
-199440.3358
-198847.1384
-199286.7965
-199207.4516
-198701.9122
-198975.8341
-199362.9833
-198850.5734
-199572.8419
-199774.1149
-199062.1375
-198413.1682
-198531.8734
-199139.6031
-199248.576
-199375.9566
-199407.7008
-198947.6473
-199018.3682
-199300.0321
-198719.5445
-198874.8718
-198652.6093
-198610.0256
-199007.9283
-199018.9639
-199539.7217
-199087.415
-199021.6387
-199478.2425
-198853.8046
-198423.3549
-198741.7584
-198385.1472
-198455.5265
-198369.0778
-198187.3093
-198403.0733
-198606.7538
-198051.3052
-198339.1408
-198801.2723
-198642.5595
-198464.3898
-198496.0983
-198748.2971
-198560.7036
-198693.5847
-198814.3031
-198949.555
-199017.4329
-198874.2751
-198385.532
-198962.9591
-199120.8528
-198969.5728
-198573.2974
-198700.8693
-199118.2739
-198588.928
-198889.3228
-199046.9986
-198689.6756
-198570.5698
-198717.6355
-198765.6405
-198441.5068
-198637.6775
-198789.773
-198339.4216
-198451.3062
-198384.3319
-199032.6683
-198635.5728
-198754.6164
-199386.2841
-198859.089
-199050.3446
-198843.8556
-198655.7405
-198904.5466
-198981.1908
-199174.444
-198660.9417
-198765.9999
-198723.4974
-198311.1099
-198586.2443
