1 49 49 0.0421051 
1 48 48 0.378756 
18 46 41 0.070977 40 0.0140994 37 0.075553 33 0.0456643 3 0.0272015 2 0.0747425 13 0.0208477 1 0.198148 12 0.129982 46 0.105065 23 0.0781616 0 0.133308 11 0.0547701 4 0.0547674 28 0.0542329 5 0.0233695 39 0.0467712 16 0.27751 
1 21 21 0.0771407 
2 20 23 0.068902 20 0.100607 
1 19 19 0.0891344 
13 18 37 0.0386326 8 0.0480861 2 0.135282 24 0.0923266 5 0.0506004 16 0.0637885 27 0.0520954 33 0.127831 41 0.0948063 18 0.130663 46 0.10115 0 0.27346 23 0.132019 
2 17 34 0.518151 17 0.130557 
25 16 46 0.0573375 41 0.152553 40 0.163806 12 0.152407 10 0.0518432 33 0.0684558 8 0.0315952 7 0.0119366 30 0.0731167 6 0.172765 5 0.021968 28 0.0583663 0 0.197476 23 0.0607976 2 0.127896 3 0.122292 4 0.106465 27 0.0363973 14 0.0884134 15 0.00809235 16 0.166815 18 0.100287 20 0.0756961 22 0.0920588 24 0.17468 
9 15 27 0.0487358 20 0.0744418 41 0.0501618 8 0.173524 0 8.95196e-201 15 0.2284 4 0.232249 6 0.0826391 7 0.0832 
21 14 40 0.0188618 36 0.146159 33 0.0300314 27 0.0610602 22 0.0926732 41 0.0538248 18 0.123047 3 0.0984498 14 0.124282 2 0.0238677 24 0.230022 1 0.160322 12 0.174655 46 0.0843631 0 0.0287728 28 0.196897 5 0.0439524 39 0.113262 16 0.00801643 8 0.0188793 15 0.0667816 
3 13 32 0.211031 25 0.117781 13 0.463351 
10 12 12 0.180748 41 0.0599529 8 0.0983948 7 0.0747482 0 0.0210764 16 0.125908 5 0.029513 15 0.083734 4 0.193021 6 0.0976933 
2 11 39 0.0559402 11 0.230605 
2 10 10 0.368108 7 0.246707 
26 3 46 0.0757474 45 0.0347121 44 0.119579 40 0.212768 12 0.141668 10 0.0772289 33 0.0189324 8 0.0676722 7 0.00822725 30 0.0684901 6 0.0877739 0 0.089745 23 0.181972 5 0.0402698 28 0.108924 2 0.0763207 14 0.0292501 3 0.148796 15 0.117493 16 0.0999145 39 0.00458385 18 0.0961663 20 0.0973648 22 0.200776 24 0.0167372 27 0.0794544 
7 2 41 0.167522 39 0.0771307 36 0.0882968 2 0.109806 5 0.0627469 16 0.0278551 23 0.133226 
1 1 1 0.289114 
29 0 46 0.0194962 44 0.0246569 43 0.130663 41 0.0536365 40 0.00627062 39 0.0642616 36 0.144538 8 0.0880774 7 0.160214 30 0.0646403 6 0.087223 5 0.046649 28 0.0744945 4 0.105506 11 0.0499378 0 0.12286 23 0.0411836 1 0.0133838 24 0.0486864 2 0.0503691 3 0.0717048 12 0.00206039 13 0.172683 14 0.121059 15 0.0249312 16 0.0646991 18 0.107824 20 0.0502666 33 0.12614 
19 4 33 0.0135862 20 0.0253441 18 0.0459405 39 0.059379 16 0.0149803 4 0.192979 15 0.0635944 3 0.0687829 37 0.102295 14 0.13133 2 0.0801471 13 0.0284561 46 0.0170898 23 0.0723917 0 0.0140785 28 0.155044 5 0.0331316 8 0.128012 12 0.266593 
30 5 46 0.0606341 45 0.137048 44 0.0806432 41 0.0492839 40 0.0306858 39 0.0461808 36 0.0985154 33 0.0735735 9 0.0706141 8 0.0417563 7 0.00233675 30 0.160274 6 0.0858243 5 0.0451877 28 0.0489828 4 0.0487589 27 0.0703129 0 0.0650956 23 0.163355 1 0.0963744 24 0.142029 2 0.0827476 3 0.0168308 11 0.0454922 12 0.0716668 14 0.0281549 15 0.0106094 16 0.0758455 20 0.00218647 22 0.0422145 
9 6 24 0.0936704 15 0.104946 10 0.0656214 8 0.11998 7 0.0849837 0 0.153715 5 0.0411897 3 0.061054 6 0.224622 
6 7 15 0.107847 22 0.163026 0 0.0969695 10 0.0833995 6 0.163205 7 0.171248 
23 8 44 0.0151652 12 0.130768 8 0.228828 7 0.167899 6 0.124251 5 0.00542847 28 0.0837873 0 0.0954763 2 0.101599 14 0.0957586 3 5.11759e-59 4 0.164666 27 0.0668616 15 0.11256 16 0.0244362 18 0.0305804 41 0.0514941 20 0.101049 22 0.0924259 24 0.200686 33 0.0481894 36 0.0625669 40 0.00951773 
4 9 31 0.0700678 9 0.205333 40 0.234425 0 0.318845 
2 22 22 0.154127 12 0.129741 
10 23 41 0.0868551 28 0.213619 6 0.0460953 5 0.0810756 4 0.0648863 0 0.122708 23 0.141106 1 0.0496716 2 0.133774 3 0.114505 
9 24 30 0.0586457 24 0.18903 15 0.073425 27 0.109585 5 0.0689262 7 0.0129895 36 0.202616 3 0.0930828 14 0.0946258 
1 25 25 0.129401 
1 26 26 0.42264 
19 27 40 0.139866 24 0.100681 22 0.051275 43 0.129907 20 0.176503 27 0.0659517 4 0.13865 15 0.176914 3 0.0544634 14 0.125027 2 0.118264 23 0.0681595 0 0.0381989 28 0.252604 5 0.0449124 30 0.15052 7 0.0591755 8 0.0294776 12 0.107357 
22 28 45 0.061114 44 0.107003 42 0.0520264 40 0.0881697 33 0.160558 27 0.0563195 4 0.166634 3 0.0687164 14 0.0991339 2 0.149046 46 0.0722666 23 0.0657128 0 0.150098 28 0.154164 5 0.0263522 39 0.0563343 16 0.0229475 30 0.133912 7 0.0778993 41 0.0480882 18 0.0947393 8 0.078642 
7 30 33 0.0641265 0 0.0888716 41 0.0409536 30 0.279903 16 0.0195282 46 0.0890263 24 0.0907334 
3 31 35 0.106571 31 0.512881 9 0.0505326 
1 32 32 0.40323 
6 33 46 0.19571 2 0.0573142 41 0.14053 8 0.140305 18 0.0905587 33 0.221508 
1 34 34 0.496371 
3 35 35 0.466833 31 0.568859 29 0.207365 
1 36 36 0.317493 
17 37 44 0.0582286 41 0.0151394 37 0.149584 36 0.100682 33 6.2435e-08 2 0.0593616 1 0.0813028 46 0.150834 23 0.291237 0 0.00801106 30 0.0421503 7 0.15881 8 0.0525492 16 0.126547 4 0.0826054 27 0.0307998 28 0.0868498 
1 38 38 0.278631 
3 39 39 0.17377 11 0.14127 2 0.0381521 
25 40 46 0.140155 41 9.82329e-32 40 0.226713 12 0.0572633 8 0.114519 7 0.0220942 30 0.350172 6 0.0489576 5 0.0379618 28 0.097087 0 0.139906 23 0.251306 2 0.218396 14 0.0729759 3 0.012179 4 0.134441 27 0.0781727 15 0.114684 16 0.060534 39 0.0423712 20 0.0748493 22 0.0991156 24 0.0942314 33 0.14023 36 0.112429 
8 41 41 0.293442 39 0.0136067 28 0.0456251 33 0.139039 0 0.0289085 5 0.14553 1 0.0311032 2 0.18917 
1 42 42 0.138303 
