29 0 0 0.12778730662001464 1 0.04841264494273316 2 0.08662113550842646 3 0.1899379618216237 4 0.1593135001382361 5 0.1763814332078174 6 0.2562706150194868 7 0.5272412065944315 8 0.28145732300153664 11 0.14878689225933528 12 0.012733085768850492 13 0.7357104144949215 14 0.4411511962692409 15 0.053124971793781874 16 0.12536535509212762 18 0.3344942175945086 20 0.1639521336494021 23 0.07267926756738112 24 0.11474437707415204 28 0.2973398916371778 30 0.09673381161725052 33 0.3473131917650276 36 0.5307841539077213 39 0.261823960599458 40 0.0201634160440626 41 0.18864714094768262 43 0.4227723616996959 44 0.031063758444696762 46 0.07064303719350627
1 1 1 0.4542393803010054
7 2 2 0.18132885411672017 5 0.20911014216427484 16 0.024611674563656344 23 0.3459342089180365 36 0.3119360995325908 39 0.30843421466719345 41 0.6152120305857439
26 3 0 0.2312263240510907 2 0.25447145494721174 3 0.35542869629422125 5 0.10106614727552571 6 0.19812157696260047 7 0.06569625645060988 8 0.11758831096021938 10 0.23848239273354085 12 0.33642957828904424 14 0.02980345443652914 15 0.4205968705939248 16 0.23844338417429617 18 0.20404929529194504 20 0.28740977577201815 22 0.722497429228755 23 0.6957837572275817 24 0.02382172295612839 27 0.2352283196454125 28 0.15739004937023016 30 0.1761635888926313 33 0.0782939579008634 39 0.0159620152464483 40 0.5696957218393138 44 0.3488621233253366 45 0.07264517448824262 46 0.30790618524900726
19 4 0 0.07772864015934697 2 0.2788400642265362 3 0.3228967880302085 4 0.4024716593200358 5 0.10556197371332852 8 0.39057584042769045 12 1.3924767062857595 13 0.06881258773616666 14 0.41133977603242733 15 0.2760792007334338 16 0.046423865016261445 18 0.20795393831275316 20 0.10171576996741727 23 0.2485763688891296 28 0.5681551837293813 33 0.09443469780143106 37 0.3832776063190553 39 0.2321085855229944 46 0.10200750130278886
30 5 0 0.16418717073290562 1 0.46895715230756807 2 0.23564037343931454 3 0.09821050834369982 4 0.2158183451113546 5 0.05642543540470453 6 0.3005435243011585 7 0.01626625638215227 8 0.2420440031161415 9 0.24561529514554695 11 0.20035292512477101 12 0.1929877041592136 14 0.08220263354903168 15 0.06349135745730053 16 0.31645472889220494 20 0.01850008794683008 22 0.17751240539045615 23 0.8283115062379416 24 0.717560828267982 27 0.22912876666350193 28 0.24443941586545812 30 0.8849908472515117 33 0.18921754182460318 36 0.3809113524492108 39 0.10964014012892216 40 0.12924287783391725 41 0.08707218206203171 44 0.3414872953859946 45 0.4841011797806548 46 0.17389974505702613
9 6 0 0.47961807614142604 3 0.15755284435569042 5 0.08165363046611637 6 0.5082170114801794 7 0.12883681244135295 8 0.2859378573799755 10 0.14402877574684333 15 0.3051403597676221 24 0.16449011998102442
6 7 0 0.12897475367067496 6 0.29366194481196933 7 0.2451766156660228 10 0.26968873211747024 15 0.2312387053283645 22 0.4829170498604068
23 8 0 0.4273213174655031 2 0.4014494475949475 3 0.04857500670319927 4 0.4958568967048178 5 0.049345948197920715 6 0.46301551993835055 7 0.6822802339832084 8 0.7189216476614395 12 0.4118637690830371 14 0.3799023960399175 15 0.36661982188838743 16 0.12748506154608863 18 0.04391864381051028 20 0.4362526345736417 22 0.3790797794097393 24 0.8765863302456625 27 0.2551875477236291 28 0.23539911402254732 33 0.13346560199398086 36 0.25923972475002616 40 0.02675231918008726 41 0.17446231323517974 44 0.03780050200688508
4 9 0 0.3641612568057946 9 0.13284105409270766 31 0.12385427324962446 40 0.28288757025456535
2 10 7 0.48945799750782737 10 0.5550129958221709
2 11 11 0.3521382118816476 39 0.03334300461219808
10 12 0 0.07607818751719791 4 0.7506915677827217 5 0.08961864570654962 6 0.413725297110114 7 0.2740660469983374 8 0.3325176196704096 12 0.09758058409961207 15 0.20664390594601822 16 0.38159163266271584 41 0.23768022371628705
3 13 13 0.6623193415235106 25 0.3924712102572158 32 0.783178733793795
21 14 0 0.02711505070985103 1 0.6533148260486134 2 0.058848330808670524 3 0.2280841236965524 5 0.08471718953404023 8 0.06068176684060829 12 0.46565884268038327 14 0.07655515940461449 15 0.1984073462211981 16 0.09973179036104192 18 0.32362661813001514 22 0.34032633343072766 24 0.8140466651412981 27 0.19895859393391802 28 0.6808739266846162 33 0.04477901317270149 36 0.5242442019392313 39 0.4193479593488868 40 0.06071479013388244 41 0.19006685649501065 46 0.35307338595378085
9 15 0 0.03147905434519455 4 0.8973042463627972 6 0.14204580293477395 7 0.21107021640238424 8 0.5524244025639045 15 0.508639367992391 20 0.1382177162642902 27 0.10032919599143589 41 0.1899344793256311
25 16 0 0.8037110152372989 2 0.44865258527320606 3 0.4725749126606843 4 0.21897351032365783 5 0.09390077164044622 6 0.7684453291676405 7 0.09040528619431987 8 0.11962845559675526 10 0.23142788811664633 12 0.4515316434332693 14 0.48805487632589095 15 0.05748240551302989 16 0.2979609826820007 18 0.43348743812392965 20 0.3315479066490457 22 0.30123816085704397 23 0.18285568098959593 24 0.7736250518432369 27 0.23892913217029502 28 0.2764469772161216 30 0.29378314552190393 33 0.31619578651393904 40 0.6247916194515901 41 0.41856886506066876 46 0.0828579293073868
2 17 17 0.11310516490130051 34 0.2240940550204037
13 18 0 1.2201272182947904 2 0.4180660313929255 5 0.23030947282286096 8 0.14530834662911482 16 0.23794852478162923 18 0.3359731666098942 23 0.4164345962978783 24 0.22778541172549016 27 0.0841808000885294 33 0.3579730131428598 37 0.07331679384658889 41 0.31890148307555877 46 0.22150010370687243
1 19 19 0.05133851144865941
2 20 20 0.023075406348927577 23 0.09473707028911676
1 21 21 0.15847288104985827
2 22 12 0.16075711727665562 22 0.12282188542241115
10 23 0 0.17563481578251314 1 0.08696260417328823 2 0.23609106909426153 3 0.322643851016595 4 0.07678760567040008 5 0.13110593115799749 6 0.1601315437617997 23 0.12214647422178551 28 0.5531705652485956 41 0.16892862574369202
9 24 3 0.2505225832355977 5 0.22063349064617768 7 0.011808441315635666 14 0.2120982328376862 15 0.142030478434608 24 0.20331042226931811 27 0.334350783293598 30 0.09512229210552899 36 0.7635567227309771
1 25 25 0.013915410471639229
1 26 26 0.317618728754128
19 27 0 0.036608906124146516 2 0.3785672845338093 3 0.1026101165786558 4 0.41316267127906037 5 0.11210851412015964 7 0.16570703486927582 8 0.02406643546618005 12 0.3136250712659413 14 0.34453315917934835 15 0.7010510055510222 20 0.6788375904950574 22 0.1025637473251687 23 0.18129358151590144 24 0.13852037097656633 27 0.11670371526904895 28 0.9564470074349724 30 0.4705856821869991 40 0.3556180117743678 43 0.27706083089266564
22 28 0 0.7938063726067076 2 0.7040613372333393 3 0.14319274493468684 4 0.5299697991675978 5 0.1537615348309107 7 0.2919530676539576 8 0.21293215446251557 14 0.2711977411734933 16 0.12973801974400767 18 0.33622076605537793 23 0.2531156752501048 27 0.21034560456912535 28 0.26748201386803466 30 0.5675093323404651 33 0.7267395334284045 39 0.16392020043248812 40 0.24565470440473655 41 0.24433569565100208 42 0.17904321584530355 44 0.32010026819766685 45 0.21149682843431875 46 0.295168618623722
0 29 
7 30 0 0.20426666392661744 16 0.028083130265171133 24 0.22437677618570973 30 0.5029571671626883 33 0.12378773257229814 41 0.12041269390187506 46 0.24679499447708714
3 31 9 0.09542644099796356 31 0.4873883620168988 35 0.12043967772168213
1 32 32 0.20838086193354277
6 33 2 0.14420117647738723 8 0.529434479478659 18 0.18132468391990164 33 0.5760063033372884 41 0.33701471758919416 46 0.6066620503774636
1 34 34 0.5284316085547653
3 35 29 0.16363344851593484 31 0.7159610845781552 35 0.4889485635312232
1 36 36 0.6072716292881859
17 37 0 0.07909741286167202 1 0.20366241901822033 2 0.10784531722748306 4 0.1979095235320243 7 0.4261913942035972 8 0.0936599168839506 16 0.2357296267445834 23 0.5145579566338584 27 0.1372198654954164 28 0.08295451130503766 30 0.07998936518179733 33 0.00989770092056106 36 0.18253636045968918 37 0.1699786841561179 41 0.06620024438166995 44 0.15163600501771948 46 0.2792915143081633
1 38 38 0.14066303322777363
3 39 2 0.024414007879278676 11 0.40601611648691904 39 0.266102652609459
25 40 0 0.2575403298114499 2 0.8944316402367672 3 0.04777986674088554 4 0.47549780091644855 5 0.15152542324263787 6 0.11045559596372466 7 0.08254138077079046 8 0.40540774132696616 12 0.22554316521563395 14 0.18033678686539176 15 0.31734806759937667 16 0.19227045458911354 20 0.09342212671029121 22 0.18943968423881352 23 0.6485136628016268 24 0.23117787107912113 27 0.1440107137037015 28 0.20025000330156134 30 1.095787028274206 33 0.5011893213011834 36 0.3856331462197737 39 0.11557916804101098 40 0.39428230063530645 41 0.08062026120864574 46 0.35640401518816445
8 41 0 0.08971670558885464 1 0.07113250829914539 2 0.6494052935651596 5 0.5161026226952193 28 0.10303017163233652 33 0.46887101028106754 39 0.037426810735927435 41 0.9753505817872195
1 42 42 0.15912781472026316
0 43 
0 44 
0 45 
18 46 0 0.32695826049239807 1 0.5414142504861416 2 0.11376556378475143 3 0.07701137645435877 4 0.30456448438273265 5 0.07467214043601562 11 0.16249010866853728 12 0.3939098562679376 13 0.040076818962807424 16 0.9730120119630163 23 0.13105697203088426 28 0.06220848154162293 33 0.02255476737029443 37 0.2150649076282378 39 0.1634530129638594 40 0.03319179536103902 41 0.17772787028327833 46 0.06798044518967937
0 47 
1 48 48 0.2079469986216953
1 49 49 0.010236422559414957
