0 1 0.002
1 1 0.002
2 1 0.002
3 1 0.002
4 1 0.002
5 1 0.002
6 1 0.002
7 1 0.002
8 1 0.002
9 1 0.002
10 1 0.002
11 1 0.002
12 1 0.002
13 1 0.002
14 1 0.002
15 1 0.002
16 1 0.002
17 1 0.002
18 1 0.002
19 1 0.002
20 1 0.002
21 1 0.002
22 1 0.002
23 1 0.002
24 1 0.002
25 1 0.002
26 1 0.002
27 1 0.002
28 1 0.002
29 1 0.002
30 1 0.002
31 1 0.002
32 1 0.002
33 1 0.002
34 1 0.002
35 1 0.002
36 1 0.002
37 1 0.002
38 1 0.002
39 1 0.002
40 1 0.002
41 1 0.002
42 1 0.002
43 1 0.002
44 1 0.002
45 1 0.002
46 1 0.002
47 1 0.002
48 1 0.002
49 1 0.002