29 0 0 1 2 3 4 5 6 7 8 11 12 13 14 15 16 18 20 23 24 28 30 33 36 39 40 41 43 44 46
1 1 1
7 2 2 5 16 23 36 39 41
26 3 0 2 3 5 6 7 8 10 12 14 15 16 18 20 22 23 24 27 28 30 33 39 40 44 45 46
19 4 0 2 3 4 5 8 12 13 14 15 16 18 20 23 28 33 37 39 46
30 5 0 1 2 3 4 5 6 7 8 9 11 12 14 15 16 20 22 23 24 27 28 30 33 36 39 40 41 44 45 46
9 6 0 3 5 6 7 8 10 15 24
6 7 0 6 7 10 15 22
23 8 0 2 3 4 5 6 7 8 12 14 15 16 18 20 22 24 27 28 33 36 40 41 44
4 9 0 9 31 40
2 10 7 10
2 11 11 39
10 12 0 4 5 6 7 8 12 15 16 41
3 13 13 25 32
21 14 0 1 2 3 5 8 12 14 15 16 18 22 24 27 28 33 36 39 40 41 46
9 15 0 4 6 7 8 15 20 27 41
25 16 0 2 3 4 5 6 7 8 10 12 14 15 16 18 20 22 23 24 27 28 30 33 40 41 46
2 17 17 34
13 18 0 2 5 8 16 18 23 24 27 33 37 41 46
1 19 19
2 20 20 23
1 21 21
2 22 12 22
10 23 0 1 2 3 4 5 6 23 28 41
9 24 3 5 7 14 15 24 27 30 36
1 25 25
1 26 26
19 27 0 2 3 4 5 7 8 12 14 15 20 22 23 24 27 28 30 40 43
22 28 0 2 3 4 5 7 8 14 16 18 23 27 28 30 33 39 40 41 42 44 45 46
0 29 
7 30 0 16 24 30 33 41 46
3 31 9 31 35
1 32 32
6 33 2 8 18 33 41 46
1 34 34
3 35 29 31 35
1 36 36
17 37 0 1 2 4 7 8 16 23 27 28 30 33 36 37 41 44 46
1 38 38
3 39 2 11 39
25 40 0 2 3 4 5 6 7 8 12 14 15 16 20 22 23 24 27 28 30 33 36 39 40 41 46
8 41 0 1 2 5 28 33 39 41
1 42 42
0 43 
0 44 
0 45 
18 46 0 1 2 3 4 5 11 12 13 16 23 28 33 37 39 40 41 46
0 47 
1 48 48
1 49 49