1 49 49 
1 48 48 
15 33 0 3 4 5 8 14 16 18 28 30 33 37 40 41 46 
10 20 0 3 4 5 8 15 16 20 27 40 
9 18 0 3 4 8 14 16 18 28 33 
15 16 0 2 3 4 5 8 12 14 16 18 28 30 37 40 46 
14 15 0 3 4 5 6 7 8 12 14 15 16 24 27 40 
11 14 0 3 4 5 8 14 16 24 27 28 40 
9 36 0 2 5 8 14 24 36 37 40 
4 13 0 4 13 46 
14 23 0 2 3 4 5 16 18 20 23 27 28 37 40 46 
21 0 0 3 4 5 6 7 8 9 12 14 15 16 18 23 27 28 30 37 40 41 46 
5 11 0 5 11 39 46 
12 24 0 3 5 6 8 14 16 18 24 27 30 40 
8 1 0 1 5 14 23 37 41 46 
12 12 0 3 4 5 8 12 14 16 22 27 40 46 
18 2 0 2 3 4 5 8 14 16 18 23 27 28 33 37 39 40 41 46 
14 3 0 3 4 5 6 8 14 16 23 24 27 28 40 46 
13 4 0 4 5 8 12 15 16 23 27 28 37 40 46 
14 28 0 3 4 5 8 14 16 23 27 28 37 40 41 46 
18 5 0 2 3 4 5 6 8 12 14 16 18 23 24 27 28 40 41 46 
11 6 0 3 5 6 7 8 12 15 16 23 40 
10 30 0 3 5 16 24 27 28 30 37 40 
15 7 0 3 5 6 7 8 10 12 15 16 24 27 28 37 40 
16 8 0 3 4 5 6 8 12 14 15 16 18 27 28 33 37 40 
12 39 0 2 3 4 5 11 14 28 39 40 41 46 
11 40 0 3 5 8 9 14 16 27 28 40 46 
17 41 0 2 5 8 12 14 15 16 18 23 28 30 33 37 40 41 46 
2 43 0 27 
6 44 0 3 5 8 28 37 
13 46 0 3 4 5 14 16 18 28 30 33 37 40 46 
5 10 3 6 7 10 16 
9 22 3 5 7 8 14 16 22 27 40 
12 27 3 5 8 14 15 16 18 24 27 28 37 40 
3 45 3 5 28 
4 37 4 18 37 46 
3 9 5 9 31 
3 31 9 31 35 
2 25 13 25 
2 32 13 32 
1 17 17 
2 34 17 34 
1 19 19 
1 21 21 
1 26 26 
2 42 28 42 
2 35 31 35 
1 29 35 
1 38 38 
