25 0 0 0.027334870612533396 1 0.019466838708040394 2 0.0035516251166126285 3 0.009353615814785575 4 0.0016548204693904909 5 0.0024339645863231192 6 0.01669398498258635 7 0.01810599177078172 8 0.03003740505865705 9 0.029472319160757394 10 0.006888402166997241 11 0.004173286099564723 12 0.02779982734234241 13 0.016007387193005228 14 0.019262149770092142 15 0.015117902709717045 16 0.00695012074211217 17 0.004884937098834355 18 0.005052764273674425 19 0.005520461707389711 20 0.016773870467066902 21 0.03746754609854783 22 0.02004626489923774 23 0.006796963688657045 24 0.015092966175877891
25 1 0 0.029461831579918718 1 0.015051379180323215 2 0.02553077211677747 3 0.03537222216617313 4 0.011903718385912126 5 0.032643990431026115 6 0.00021082912973390856 7 0.0453066084623519 8 0.007206490689975378 9 3.2686470194313154e-06 10 0.028887651345690494 11 0.008168145410381068 12 0.04962791456124481 13 0.001169878039049017 14 0.00607985503867028 15 0.008998685759129524 16 0.01723796009134842 17 0.0034048642667252023 18 0.032985722645310266 19 0.020494790344349305 20 0.024450655914301657 21 0.00623249248558355 22 0.005714814623214711 23 0.006401803935052482 24 0.0013731571337661586
25 2 0 0.008254400529881706 1 0.02208208950612987 2 0.015597994668545894 3 0.02335500465390731 4 0.0007721035514450632 5 0.054774216851434535 6 0.037317053388517575 7 9.751721473524838e-05 8 0.011132582440227861 9 0.05659319410169971 10 0.06443082775311731 11 0.055346665070469515 12 0.0041378514686557415 13 0.0017600255567200326 14 0.0017147084095444336 15 0.007982980203387665 16 0.004743441251207081 17 0.005730326461303187 18 0.04208960414484464 19 0.027496435319258574 20 0.021463337157720624 21 0.006557062557928305 22 0.04293202626282752 23 0.002790602205488738 24 0.0010380158197035366
25 3 0 0.11706262846910505 1 0.009059175211330433 2 0.029386963009126778 3 0.031851190365766203 4 0.0016206428155506047 5 0.048077818577453545 6 2.4080568021006448e-05 7 0.00791517700732722 8 0.015461143756487583 9 0.002277326696770919 10 0.0022330192681413266 11 0.0022262062555281083 12 0.004411263590361595 13 0.0039696770356669134 14 0.004124697465459069 15 0.009830058600656631 16 0.003044413517777872 17 0.0012716415183652834 18 0.02304940500185585 19 0.015607156053370881 20 0.04717955671623461 21 0.0479547430510259 22 0.0003389293981397433 23 0.014930854732891777 24 0.007670670963777619
25 4 0 0.001563416334102859 1 0.00030361293381841006 2 0.011776178139736127 3 0.018285168529865056 4 0.002631847041779342 5 0.005999430026341549 6 0.026768474054428074 7 0.032725466786530974 8 0.004934874136479972 9 0.0038621122579860774 10 0.007655067963151725 11 0.0008670851484038477 12 0.0005238806003067561 13 0.011854748075591537 14 0.004457808309712295 15 0.013538218264117732 16 0.0030070893090217675 17 0.00616098404076911 18 0.0066299861482282665 19 0.02296300777921434 20 0.015515899264710448 21 0.031244955508398543 22 0.010590815326376323 23 0.007127912646333487 24 0.011512299742806155
25 5 0 0.005844978321606046 1 0.004685205575308694 2 0.03140293708389224 3 0.07096463014870158 4 0.007320765376258364 5 0.00012052015015641217 6 0.012208298442524608 7 0.01682592778756706 8 0.0034982080237462966 9 0.01431267580296053 10 0.0072471402744047324 11 0.033475098822753555 12 0.03139962115843708 13 0.008728675034173324 14 0.010251793514380287 15 0.02763991710853814 16 0.06965875619603434 17 0.021693889455620327 18 0.0023484210303757027 19 0.010287057335691832 20 0.0036317741823689133 21 0.0072764737634875044 22 0.008749236106195641 23 0.004643825649079442 24 0.004730941324088583
25 6 0 0.03717671366868597 1 0.013527726364691883 2 0.04286105675360383 3 0.04415955488782832 4 0.008086489477105798 5 0.02818281384596912 6 0.049161082159977595 7 0.021971050594161785 8 0.009818777871394457 9 0.004723013044110586 10 0.0008640391296246352 11 0.014244831278717191 12 0.043864847258596136 13 0.003968149388382089 14 0.032844492127009024 15 0.0012499960110487424 16 0.00910220423596133 17 0.015272198816586442 18 0.015461618782833671 19 0.027603181997191757 20 0.006748768794751107 21 0.045680821351294816 22 0.011171426562251358 23 0.012251722599438322 24 0.009895525287214702
25 7 0 0.011277616162813158 1 0.0014787986387404565 2 0.02311012953107015 3 0.030252098744516724 4 1.5234222873938995e-05 5 0.04160050772747696 6 0.006562648725268715 7 0.0036011451845292574 8 0.01387688022117861 9 0.05626882783521804 10 0.005480276096146775 11 0.002213253555403912 12 0.0024252456316027856 13 0.052889465132960424 14 0.020626290617661837 15 0.02208107668283967 16 0.015082239355998037 17 0.003257777840188852 18 0.006964665504351956 19 0.013815873494845459 20 0.0698510855734709 21 0.019443531515091463 22 0.041220575411467564 23 0.007379164583683813 24 0.05898242974884364
25 8 0 0.030621419879921143 1 0.025934339678746813 2 0.02244419561493408 3 0.008342546723892307 4 0.008796185407012373 5 0.02185959473294466 6 0.010629128794589562 7 0.018686571432183278 8 0.00992967919328456 9 0.015852574653738433 10 0.061676499078387 11 0.02640367500258741 12 0.0019242894060988178 13 0.009974848902093927 14 0.002853660369328385 15 0.010138882782783375 16 0.00507221656124315 17 0.011848029925264864 18 0.023727682946177293 19 0.01374738895139277 20 0.0413714554322019 21 0.008579367490913835 22 0.005778910498424892 23 0.018166211468749246 24 0.022034259213096125
25 9 0 0.03212827627092204 1 0.033119326549437875 2 0.00034955143168996137 3 0.0019405807337189293 4 0.015497488911473869 5 0.0374855472957021 6 0.01002315266501187 7 0.018227343278545145 8 0.0023535735494151313 9 0.005549000654491365 10 0.004534350208210737 11 0.05207609617346723 12 0.07086294844168758 13 0.030518535761247582 14 0.03452194464821138 15 0.015652667917520666 16 0.030521841399158506 17 0.001867156892261024 18 0.024870514787097484 19 0.032033916613528376 20 0.005678607612535851 21 0.026474280335824434 22 0.07355822597447366 23 0.0010526855040664754 24 0.031555488012680065
25 10 0 0.012202262714643254 1 0.00723821124103281 2 0.02850341624896871 3 0.01172701491356737 4 0.02491394264448922 5 0.001125888784079843 6 0.06005207687918599 7 0.007454365458161172 8 0.0030006837723124415 9 0.0010995678516990306 10 0.04640776101372764 11 0.013345690871756993 12 0.018516026874653115 13 0.003032830164232781 14 0.018299121061628964 15 0.021606996016648474 16 0.02305636689955781 17 0.0035815969995321405 18 0.04692728542462724 19 0.0049723687239526535 20 0.02047247956350941 21 0.010164518116591931 22 0.003364295642418147 23 0.010754293080153658 24 0.033743999169071205
25 11 0 0.03713404070747299 1 0.0162619675402317 2 0.005659147838896792 3 0.03843572010666374 4 0.006071693120468703 5 0.01129515928574115 6 0.02532485906547363 7 0.04144645525303602 8 0.0038332039601695045 9 0.016975477344004605 10 0.013980263625723797 11 0.0698994109375099 12 0.0133715864255772 13 0.009708282853207269 14 0.05380287903728198 15 0.05869404695336783 16 0.023281469786006547 17 0.03875974248145639 18 0.0017285797462840823 19 0.0016556513450373587 20 0.007370552586856328 21 0.00030285769739707397 22 0.003870321651619395 23 0.001984680573852092 24 0.011338282380662814
25 12 0 0.021910812145171658 1 0.000644110501164263 2 0.012185895773528011 3 0.008044149209156918 4 0.006867793721830292 5 0.03369057272753228 6 0.06568155735010688 7 0.0030866587293369233 8 0.004129104885245784 9 0.03591759752713117 10 0.03312993005370707 11 0.019225612959609166 12 0.02125353374436507 13 0.06962491934456948 14 0.02332512891201302 15 0.015975679058534597 16 0.017962407869096874 17 0.03969886331501177 18 0.012684927638797137 19 0.05729964590699734 20 0.04211237887304007 21 2.3876835585629158e-05 22 0.020681853161198784 23 0.01778377072714894 24 0.001060732363191561
25 13 0 0.005741851949798855 1 0.003758431253423971 2 0.006412571113515714 3 0.006016055720045431 4 0.017166791215336867 5 0.007590246250281262 6 0.003463952246072908 7 0.00027800189629456753 8 0.0060765752722498 9 0.01924310787702296 10 0.014490424213574365 11 0.03072576590311138 12 0.05695334847146372 13 0.007034654306072216 14 0.0032025943181987716 15 0.03599429473002024 16 0.019710855058332793 17 0.002728677835425182 18 0.023938138281392903 19 0.02359601314610556 20 0.035959973729831424 21 0.021572330635894935 22 0.004001140232429305 23 0.03150490759208736 24 0.06816694654200531
25 14 0 0.007141178317679213 1 0.015080076731476561 2 0.00015045339268995116 3 0.00598761300735922 4 0.011466853398532128 5 0.018119298582087363 6 0.02674044771990218 7 0.043272453114432174 8 0.007581371160772387 9 0.0013145474919606015 10 0.00805252372910527 11 0.009277007955847747 12 0.020451828835231528 13 0.022526861883890695 14 0.02556984161107602 15 0.012216284395106478 16 0.01627523329451979 17 0.006021026806685354 18 0.03637368583185828 19 0.004124034089041013 20 0.004252055569335108 21 0.03583377068409547 22 0.018921450917575366 23 0.0013591118992850246 24 0.20278169081446906
25 15 0 0.04436217934141701 1 0.0016616419881679849 2 0.0339041170751723 3 0.005306477294150739 4 0.04168742349451263 5 0.02977838396452303 6 0.022925073445201255 7 0.08850636650856047 8 0.030161303893702588 9 0.018489110082825326 10 0.016899202854065536 11 0.022722715869044997 12 0.01637386649466245 13 0.006784767849204286 14 0.015364514707519535 15 0.022142676974520974 16 0.004280399290062449 17 0.03265896363181895 18 0.016006492162941303 19 0.013929544369128742 20 0.008306958525457157 21 0.013281917340637479 22 0.009147920746356628 23 0.009614017907343446 24 0.025606376920926453
25 16 0 0.03261811262280317 1 0.0007146324339200683 2 0.0022328032584293216 3 0.011216266665384935 4 0.062205379180701945 5 0.0037193097921036362 6 0.0027087171779421482 7 0.020764473589839596 8 0.008892134193198255 9 0.011693606495820213 10 0.0729485758714907 11 0.026058589529172404 12 0.0013004945849842777 13 0.01494212531812449 14 0.028120896267886945 15 0.00964595875720736 16 0.031300554767803 17 0.032201235345404255 18 0.001034148092291883 19 0.004231903696731057 20 0.004146235748680776 21 0.03063912520681504 22 0.0404677762449154 23 0.0022530600978402844 24 0.018475671274714257
25 17 0 0.005160169365515159 1 0.10513131416750518 2 0.0069683099392034275 3 0.023442932385340367 4 0.04500170260598462 5 0.02248865041294786 6 0.044529788991920276 7 0.02363730223396143 8 0.05677686303602737 9 0.03242107362059354 10 0.006933889618548384 11 0.049427401029904394 12 0.14331458910887024 13 0.024939537535838656 14 0.024971888204455603 15 0.1256163605628157 16 0.015505910250861303 17 0.002595701813645944 18 0.017807829148117824 19 0.08215810741409335 20 0.02961489284663863 21 0.004175021375828628 22 0.01256401756469965 23 0.027058370934392246 24 0.007830772222965736
25 18 0 0.03097761303181837 1 0.07803192213077739 2 0.019373896417036966 3 0.02523136470885745 4 0.027520861727884906 5 0.01793617259828531 6 0.043664648209871974 7 0.0062103999093308685 8 0.028597175056562958 9 0.02171351144027005 10 0.02431836845557629 11 0.030213797515224156 12 0.004530792800899511 13 0.07959852560641913 14 0.037436104134893435 15 0.002510978845594362 16 0.02166536941444264 17 0.003546336488981862 18 0.00539444529272451 19 0.10337212684372003 20 0.00025603799809403903 21 0.0070912429157358944 22 0.02472064766149763 23 0.01993956133855649 24 0.032054495054820976
25 19 0 0.028632581871650173 1 0.03597155774350454 2 0.019576010518846026 3 0.023307309893539345 4 0.0231747056042091 5 0.04006820632257569 6 0.004868478562663506 7 0.04312826431531985 8 0.0017146937098727587 9 0.01529089629911243 10 0.003730562944965109 11 0.0188167239686818 12 0.0015866459088500085 13 0.026442063876948012 14 0.011053801966268555 15 0.03044834942637956 16 0.04017232992945185 17 0.0055753421290877 18 0.006849578364363412 19 0.006542242754709616 20 0.03576357137321738 21 0.023400769153613964 22 0.013347234640235114 23 0.019558053727343202 24 0.03499402946581319
25 20 0 0.004287380100584501 1 0.0019535321072028434 2 0.0021011988514939126 3 0.061490167517606845 4 0.009469027463916377 5 0.015992395739020015 6 0.013279371179522104 7 0.0031504234955426155 8 0.004149574806677025 9 0.000298363424239767 10 0.001831164349869221 11 0.012739863111837066 12 0.04665749730654315 13 0.015512469989798704 14 0.02461212215427531 15 0.014762761842884758 16 0.011297099617189226 17 0.021780875640852043 18 0.01163570940551052 19 0.01424234152595169 20 0.03519823338884203 21 0.00982477734904194 22 0.007197024436545141 23 0.00696021433677991 24 0.009829319900477567
25 21 0 0.09070416621538455 1 0.008706161131338324 2 0.00498354239840876 3 0.0003131766202733261 4 0.01116855436343918 5 0.026099009305155674 6 0.009881266607915952 7 0.03784222923267465 8 0.009255146312937688 9 0.03044344451292884 10 0.0017563729502139444 11 0.0015573776503211615 12 0.02646141883298515 13 0.010693115360963857 14 0.04960406652426214 15 0.022340041941304647 16 0.04150147471874926 17 0.009758425626397869 18 0.02322420357066384 19 0.016747650212976927 20 0.10211887945194441 21 0.013297149864307743 22 0.02785277428688764 23 0.0006620581352913689 24 0.004858495446829771
25 22 0 0.02198254780808405 1 0.02053391147957168 2 0.01226580000887705 3 0.02022531138915831 4 0.006165434998743863 5 0.0013467918808883674 6 0.000626318776457911 7 0.034186887131482865 8 0.0055711946521447625 9 0.008363737086571387 10 0.003501559320715265 11 0.08198624063016918 12 0.014902793215648446 13 0.003186174663430639 14 0.043983026913058214 15 0.01253457106292041 16 0.00871713768970242 17 0.017231703484298633 18 0.015849026522184603 19 0.06813291109920182 20 0.004444169370260646 21 0.0027570113600969243 22 0.009168527731602087 23 0.05822486852793216 24 0.02541640921228925
25 23 0 0.036703010623688435 1 0.014442530584703033 2 0.015038913477174395 3 0.007065889311692367 4 0.050741906630608485 5 0.01878803779234562 6 0.007735832355678321 7 0.017552693343186293 8 0.022340346898912365 9 0.01040213349978249 10 0.026025382592805117 11 0.024702458417157756 12 0.02048081827470592 13 0.041602549599921844 14 0.05733188293224777 15 0.01076110285875413 16 0.01877051792247923 17 0.014024014562640241 18 0.02178085673149196 19 0.0007878347779925915 20 0.010250416594367347 21 0.019524467590138865 22 0.006410127911671583 23 0.01660893815844457 24 0.040598466714756296
25 24 0 0.0026647335806165924 1 0.003896816874510657 2 0.008922197255625793 3 0.02299844661647805 4 0.04971646489722261 5 0.008398010573417061 6 0.04084337714819702 7 0.012824353687116976 8 0.017625785572816934 9 0.015320855013381015 10 0.0007360539278096439 11 0.051482963613593044 12 0.0013519825135386609 13 0.00046893490094362066 14 0.021422109831291957 15 0.006204105824131417 16 0.019866737924478305 17 0.03015021005672408 18 0.016944246244906015 19 0.008535818530196998 20 0.013022303782789272 21 0.007936334218276123 22 0.018343674642186204 23 0.003303585876169298 24 0.02918925223707962
25 25 0 0.001143318123776101 1 0.008705037935207487 2 0.027611351947541603 3 0.020258178333018132 4 0.054882006933666655 5 0.004132645016453062 6 0.019793009892301205 7 0.007112732081407255 8 0.02287804953784857 9 0.04096610829826029 10 0.011713506783319545 11 0.005935315480208039 12 0.018520035071118924 13 0.0044527082864254264 14 0.01800668787079426 15 0.007842339655111328 16 0.006675858007625605 17 0.003555589547910586 18 0.04501527087975085 19 0.01625761782491153 20 0.03320218534909511 21 0.025334256720326014 22 0.03882344540732024 23 0.0096042186176795 24 0.006210183655320352
25 26 0 0.00919422580788752 1 0.022456213388266637 2 0.026666670632324672 3 0.028996056699268812 4 0.002964475987712755 5 0.007837934565252907 6 0.026098671447015446 7 0.029456779238519457 8 0.0027538659100384646 9 0.047990447341041124 10 0.013046227678555782 11 0.009771306098550493 12 0.00593531473157877 13 0.00016552301966779343 14 0.010693001971675338 15 0.012099673988038268 16 0.007040607962983327 17 0.03457495029351131 18 0.04452798421969394 19 0.03150288093780355 20 0.04395488306423429 21 0.024124774853084233 22 0.050847130405679744 23 0.02041190068729163 24 0.0004042077128631614
25 27 0 0.006808157771220133 1 0.053060876543741364 2 0.07632305852042996 3 0.0031974603082045735 4 0.0029886357537996346 5 0.0004410977249908147 6 0.01149759652220059 7 0.05641686301473607 8 0.008769900426762064 9 0.0047684892422436105 10 0.022829257104592476 11 0.001984698522641768 12 0.03649129237856275 13 0.0035887439484342952 14 0.0223545171815631 15 0.007065185308739938 16 0.0167255589904204 17 0.10001162827344938 18 0.0004123839332579245 19 0.008556068093405566 20 0.01348674216026057 21 0.008143726561927384 22 0.041595317093944574 23 0.0035011150552569314 24 0.014474747771269217
25 28 0 0.014438370310155659 1 0.01835454044741791 2 0.029212907767101504 3 0.08777747444748325 4 0.028793251192082297 5 0.026732616693895376 6 0.02081511885266774 7 0.00023698558426133936 8 0.015011079573696106 9 0.0008382762730964288 10 0.04269949665244815 11 0.020759236568648105 12 0.014647966815025146 13 0.029298842272101663 14 0.02132020130862912 15 0.007185641998372706 16 0.011782206463618732 17 0.0038335910487581944 18 0.005673157019376032 19 0.01343055640394673 20 0.008465681104277431 21 0.045369845050259365 22 0.011635416860700704 23 0.025790458114712346 24 0.03632799717850409
25 29 0 0.005461020972831144 1 0.032494854011250685 2 0.012790833801161684 3 0.02612043001402967 4 0.03490196701809183 5 0.004290049968850125 6 0.030153604663987296 7 0.07541770630444547 8 0.002125912535069882 9 0.0006273093763529161 10 0.0076405444766335495 11 0.04060032132204082 12 0.059735868281780506 13 0.022618022817299965 14 4.628658896651386e-05 15 0.04252919672472408 16 0.0064669070158164445 17 0.006771284867126447 18 0.050469840064976144 19 0.010656162258429329 20 0.005382048027629759 21 0.019068413662262893 22 0.006002852195511791 23 0.022414279294833056 24 0.028233385753291925
25 30 0 0.03163095386320719 1 0.0030183547191449107 2 0.01135366757456274 3 0.02039318252819138 4 0.008358845826756348 5 0.04107570787434904 6 0.00306654939709742 7 0.005360697262397164 8 0.032706456746913894 9 0.010325755625212873 10 0.009346193061652089 11 0.03994647621961136 12 0.012317753688219505 13 0.023569040930598018 14 0.06118104245267745 15 0.019563408621851405 16 0.04444962898757348 17 0.0002339489575587394 18 0.004036216733735088 19 0.035198975783372714 20 0.03670636849448517 21 0.04825439188938717 22 0.01032629374101368 23 0.020671648492638153 24 0.002033729308478511
25 31 0 0.005143155917901293 1 0.0008372381740222977 2 0.03158806575083169 3 0.003055866977094627 4 0.017424801365166658 5 0.06313228925947675 6 0.0160319250634686 7 0.0007877861196013522 8 0.021549831386027535 9 0.00541688121518533 10 0.058792915431904326 11 0.02297274360771842 12 0.004115024858014621 13 0.03630723628348018 14 0.007072346340071058 15 0.017283481341164832 16 0.0029244958803244436 17 0.0009350414437374917 18 0.002097602071866848 19 0.02152030667829295 20 0.0013189142679047659 21 0.014595898966499354 22 0.030867792988464267 23 0.002345601231734127 24 0.005678263941432183
25 32 0 0.0033067122270846313 1 0.006236255944954186 2 0.01696599191125512 3 0.0041956289036979705 4 0.025270435769088776 5 0.0028561088376234246 6 0.03631614223375035 7 0.03855758387772549 8 0.019808833433620665 9 0.01532376420635296 10 0.012562128469984469 11 0.0044971453208963235 12 0.06196328860801087 13 0.00846978062566701 14 0.01275378605259192 15 0.004071702993089693 16 0.011564760640557727 17 0.031147340198507713 18 0.009276262601412448 19 0.006392062637461451 20 0.020068956177813835 21 0.01570678321298464 22 0.010676122671130344 23 0.03103617765729022 24 0.0035016995473722314
25 33 0 0.030592512276182343 1 0.07998202736932923 2 0.05415090861004584 3 0.007572171266275871 4 0.013376379202729907 5 0.015262763606613093 6 0.0023587511924881813 7 0.006127202093966276 8 0.0004458103285861904 9 0.025458077774445625 10 0.0032231591101702893 11 0.07786194888183409 12 0.012073390408827505 13 0.013442033508086478 14 0.00010114825342545058 15 0.006234681251044476 16 0.0077090915242942785 17 0.0459061924943445 18 0.020898667370316946 19 0.04139812465654675 20 0.03801540812005674 21 0.03925797836682341 22 0.005631567781414659 23 0.04458773577398888 24 0.008856952135851106
25 34 0 0.004284935544999209 1 0.005187198877923911 2 0.0006177824969102476 3 0.022336516676320854 4 0.01874760963480333 5 0.0046186917070390535 6 0.0014635183645765693 7 0.003343012648290516 8 0.01426077724811039 9 0.016975181691544394 10 8.560397126663805e-05 11 0.011512075973641619 12 0.02580803468754658 13 0.005065150494594204 14 0.02374486879103883 15 0.006355386378613778 16 0.034626746193006396 17 0.0013643149792682157 18 0.007265897898885201 19 0.013402992525003817 20 0.013362853217199986 21 0.013822248151417388 22 0.017900539845402515 23 0.011127780121664821 24 0.014594411215823017
25 35 0 0.01638690150120414 1 0.016286988760238656 2 0.031938316236899134 3 0.00795366273576925 4 0.012395395572164132 5 0.0005007353039510501 6 0.004950749133471111 7 0.022519895702699043 8 0.0018481706083721932 9 0.011205046015138814 10 0.011312002165404405 11 0.008450852715119623 12 0.0012322947356795142 13 0.00219402420491315 14 0.006431591809512908 15 0.013706215321132064 16 0.03346255756782714 17 0.05210842616641084 18 0.003871331564213843 19 0.0031436205311700938 20 0.06022074423699207 21 0.003067911598389674 22 0.005150893528260862 23 0.0014774527370045437 24 0.009304131614798065
25 36 0 0.021277782050205873 1 0.011732591317529772 2 0.03423344836706513 3 0.04621504976018964 4 0.01753966282491191 5 0.004146537676127708 6 0.009580725835413919 7 0.0047073343278034654 8 0.003978558691861814 9 0.014369117319422017 10 0.0016591238584304907 11 0.021675747363707414 12 0.002924452374989274 13 0.014580087789155188 14 0.0023363693535437186 15 0.03468931789726882 16 0.002815374896693525 17 0.006424099311052244 18 0.044795086568820384 19 0.0420426310970076 20 0.04291256245571289 21 0.0010589512279008942 22 0.005705511009740357 23 0.00529088084999371 24 0.01854348776056028
25 37 0 0.007922602275533682 1 0.003949772914064332 2 0.01382020556498619 3 0.06191832386823274 4 0.01623633157018419 5 0.009185020676539613 6 0.004877970284373133 7 0.006541014700111625 8 0.0056630117617851895 9 0.07195110463730783 10 0.04228796939767129 11 0.025075908376307143 12 0.017447878752304784 13 0.006009681879663252 14 0.008526414294578809 15 0.0534139237183389 16 0.04111600282915063 17 0.0046899715077610695 18 0.00559564081934506 19 0.016403666406372995 20 0.010544188002657587 21 0.0011315842206377348 22 0.02260338882435371 23 0.008515617829321967 24 0.0061855383075384305
25 38 0 0.0026553631899818614 1 0.004172484686669278 2 0.06406184010454884 3 0.019702878329965662 4 0.004510864405351002 5 0.049466005239723866 6 0.0426712057023396 7 0.00972101551383415 8 0.030341935098077453 9 0.039201916273992 10 0.007033953166581153 11 0.02072223138442275 12 0.03491014416061316 13 0.0032318991811555527 14 0.06005824674920823 15 0.02965410575948589 16 0.007335517109415122 17 0.0002464098589596733 18 0.005270343580215798 19 0.055512233061484235 20 0.01979919732243342 21 0.112260688004859 22 0.024725684343244642 23 0.007305522968220925 24 0.0311991645870046
25 39 0 0.0015294475035260912 1 0.010865099243886041 2 0.02540915764531813 3 0.004330989619403015 4 0.028369107126665755 5 0.005788378466961901 6 0.051410379461669126 7 0.04552615391632287 8 0.007322864676544468 9 0.012168919664791443 10 0.021648741080205695 11 0.00212652244279058 12 0.0013528240145289053 13 0.009642952052139964 14 0.004869413153663591 15 0.003165127784911125 16 0.009458401345458205 17 0.003037369793384481 18 0.015265346806482871 19 0.010942472803128137 20 0.0014259159870366597 21 0.005131237370541662 22 0.008834335604472549 23 0.011426503155304494 24 0.004859822349336066
25 40 0 0.0014057640034344466 1 0.02066849060017168 2 0.016581529171130822 3 0.056657526662694996 4 0.017531638290856816 5 0.021214974977047434 6 0.023161579830004074 7 0.022386335869659588 8 0.009582570687583348 9 0.1062710588635725 10 0.013725932284150463 11 0.014146069837844694 12 0.016554613584232478 13 0.07987036638650141 14 0.014293146052412404 15 0.006897011379162934 16 0.014942041639608177 17 0.022229722381325222 18 0.01323310755561041 19 0.01706837385071451 20 0.032204311594930125 21 0.02700928379215182 22 0.006847528223395275 23 0.00781979497171635 24 1.5611479449113068e-05
25 41 0 0.02971285669680381 1 0.017977619714497656 2 0.026514868752493738 3 0.05073594202186019 4 0.028932930862284205 5 0.03340550127414292 6 0.021601601366556644 7 0.02639198179511681 8 0.007336418741029359 9 0.009226571801482715 10 0.008130272828273222 11 0.030173882244300607 12 0.005376718077429832 13 0.011095011866935003 14 0.037847844239986016 15 0.07792287567729567 16 0.00940293882850205 17 0.030798854552032916 18 0.011814366705623731 19 0.020074888498554776 20 0.006428053708396135 21 0.00986546807255569 22 0.003945718347386974 23 0.01775697674006217 24 0.016647471443831142
25 42 0 0.009185037494909757 1 0.03482448624969452 2 0.03511587850067552 3 0.0005061991528283803 4 0.004692841474284633 5 0.010202150632889175 6 0.005586052187841241 7 0.0035620118350425246 8 0.00957558845274349 9 0.04609226817699612 10 0.0049891991743861944 11 0.022438620011336737 12 0.01286503421981357 13 0.0053604185736917795 14 0.012232513889869236 15 0.0030525402449428584 16 0.016601184017710727 17 0.0174255675445365 18 0.013321443701415072 19 0.004667997871535684 20 0.0008269627579985655 21 0.041813396418432895 22 0.015507158330372122 23 0.00414525342464042 24 0.001198670883145304
25 43 0 0.0034100862423765087 1 0.00472476574673084 2 0.004544480535137814 3 0.08886632233051826 4 0.01420904739401301 5 0.041599451961834205 6 0.00012754361512718046 7 0.07506998768062871 8 0.003181444427362605 9 0.026838558550058213 10 0.07522518212559802 11 0.018720925075297826 12 0.011855784160265089 13 0.012417211004018667 14 0.007137655578206372 15 0.007997399024318617 16 0.028477850479514084 17 0.013780230964309144 18 0.00160781281866134 19 0.011022962678398241 20 0.0029580879507458417 21 0.004854377723372748 22 0.012152197157474199 23 0.027667961218464075 24 0.033967325511138395
25 44 0 0.02071891127372298 1 0.007137282769003181 2 0.02069699527537358 3 0.01937506130185928 4 0.02086557846153011 5 0.035322140040985855 6 0.02155149514702254 7 0.00195402428882837 8 0.014951443484006567 9 0.002130942007084934 10 0.002737614627293767 11 0.03249690978383792 12 0.031274675187885695 13 0.003206619815713893 14 0.02791271497502147 15 0.011336133360602298 16 0.025673324612649377 17 0.0035563005874102676 18 0.02358157081092872 19 0.05605798885620097 20 0.043825195147559594 21 0.023144244013593752 22 0.036886595807693455 23 0.0016781307521220431 24 0.0236009758715352
25 45 0 0.004094371178280324 1 0.06381276549158638 2 0.09268526594300788 3 0.05718868799641356 4 0.06269122622068767 5 0.014664730117003873 6 0.028947413704694006 7 0.01421664373474672 8 0.030761909297407217 9 0.022768025867851246 10 0.010041822489766532 11 0.008771638967751726 12 0.005537149035644111 13 0.03393444026621661 14 0.029162865633908918 15 0.0007185456305650813 16 0.00843014876417086 17 0.0033990879075805704 18 0.030042209576186224 19 0.01595614506951699 20 0.012357401856356738 21 0.0012726705311615152 22 0.11734989617368728 23 0.03222275244252538 24 0.00022136790963282497
25 46 0 0.03091854632295313 1 0.0021065522684616633 2 0.0026568093476288307 3 0.004358361343257878 4 0.0004728038349762176 5 0.06648781788066693 6 0.011950016405928493 7 0.0010331041081474864 8 0.0006408277091236883 9 0.008172880864764222 10 0.004604703605407773 11 0.07471242616275146 12 0.010133951233860903 13 0.04045321581756845 14 0.019218101146878122 15 0.006047432654956786 16 0.01043327862642994 17 0.024044084469827042 18 0.008716385169051202 19 0.008776135525084335 20 0.05420811600440956 21 0.04122899849754379 22 0.013506018974868488 23 0.014860979506494326 24 0.0066595843726777225
25 47 0 0.019913922384021728 1 0.016332513058369663 2 0.019581523478829032 3 0.041521577918836663 4 0.02240865141347755 5 0.0017804977774057065 6 0.006475815807438843 7 0.04294293724167675 8 0.002983592078804083 9 0.04718888088988104 10 0.0036671612243449852 11 0.005215674893201596 12 0.002325776161801898 13 0.013234424306226397 14 0.009034003495132899 15 0.007401252705886449 16 0.015592751564665672 17 0.0012855447865690662 18 0.028590764885763443 19 0.029686404730085835 20 0.004175845423744461 21 0.011727646683554362 22 0.010783126283075007 23 0.00579362860301067 24 0.01300148820664861
25 48 0 0.05162104618363812 1 0.1302932327310063 2 0.04587847908198889 3 0.04980921532770363 4 0.03276714159869351 5 0.007519868616114731 6 0.008639293088274791 7 0.01155956276265893 8 0.002303359813238651 9 0.0035574205991020257 10 0.03648714688567523 11 0.025630225901651007 12 0.07858023956685883 13 0.030855550193099563 14 0.007089195993782046 15 0.04410719177784262 16 0.01751875203283502 17 0.01929110532669544 18 0.017589271416767277 19 0.013350526800012388 20 0.000600212646611025 21 0.05090422315104438 22 0.07941396054503277 23 0.024253906630851044 24 0.021434114061980987
25 49 0 0.00976129771032499 1 0.03860494602634533 2 0.09971744744612406 3 0.014161020130620643 4 0.040794492705196375 5 0.0024604853555816072 6 0.003867285474670106 7 0.006572764436420351 8 0.0016499888448862285 9 0.00019822963825205122 10 0.013770615700536011 11 0.0019510703445937893 12 0.026931473308980255 13 0.04281451641415854 14 0.05549329181648333 15 0.003588027179021569 16 0.012803768525338764 17 0.008170438883320873 18 0.03407920771213368 19 0.008230064227003621 20 0.005054470359413496 21 0.0020174095757270892 22 0.019018801224691895 23 0.009187075825209175 24 0.030709233102856094
25 50 0 0.011688189398738181 1 0.0005563809894519489 2 0.013916321349500042 3 0.06184027919332911 4 0.00012207955188339777 5 2.5069659381525894e-06 6 0.03084395338496582 7 0.0015878730736163691 8 0.05180831342228343 9 0.020559927957471812 10 0.029620251420294057 11 0.01824221746419347 12 0.009239920230657804 13 0.0003422430087551548 14 0.006068656394382753 15 0.029157813153018155 16 0.014710073279617987 17 0.05857490759973847 18 0.0061001871771125225 19 0.04755314713278476 20 0.02786903162781293 21 0.0017843785434483747 22 0.0313288565095332 23 0.01002307688456547 24 0.06738464969878465
25 51 0 0.0028230338537469763 1 0.05348095785571294 2 0.014648644047914175 3 0.02765058616953029 4 0.020870561356831425 5 0.015503671927203247 6 0.008699011286806717 7 0.004176302803446758 8 0.0020294202146133645 9 0.026989560758340466 10 0.0014596896311895747 11 0.016819139704110548 12 0.027888968499773747 13 0.036532963292804185 14 0.00640463478260857 15 0.00852262294464185 16 0.0036210082246389635 17 0.025253863970060686 18 0.02652265042652487 19 0.00012656023529103276 20 0.0211557594312876 21 0.03836367734409306 22 0.010704933079413108 23 0.07167190162066632 24 0.00787797804932311
25 52 0 0.01922117267327781 1 0.01281214969493803 2 0.0026317027155679 3 0.02232029689920318 4 0.04965935681871501 5 0.006169015897316533 6 0.0009439955965924202 7 0.004510801190150503 8 0.017113373797588326 9 0.005509520855313545 10 0.013468565515281425 11 0.031237564377214717 12 0.032447407307282676 13 0.007815803785411411 14 0.015240345094876762 15 0.01657077063538488 16 0.011863225439378412 17 0.004715366164950343 18 0.008085972898315908 19 0.03552181411509324 20 0.10708251501395523 21 0.05557468520569673 22 0.007629980289341975 23 0.014997674920917912 24 0.053856007562320056
25 53 0 0.009907303496598017 1 0.0032564137314877177 2 0.031059568809017613 3 0.0693437077833169 4 0.01939494213826523 5 0.011330878171282888 6 0.0015755652950677794 7 0.007385687004831852 8 0.02843704163238626 9 0.02269786545511987 10 0.01580667196470029 11 0.003024173784796704 12 0.003677525281539776 13 0.0010274923081718987 14 0.05433634487180933 15 0.004949799234320527 16 0.002366655948588022 17 0.04403607136181774 18 0.007945679651168283 19 0.015966579060346944 20 0.011078404119446475 21 0.08954773600709352 22 0.001533785749421817 23 0.010332022513554464 24 0.031018265852767395
25 54 0 0.02556845393323622 1 0.045209753584583706 2 0.027114193805765567 3 0.023266428514599875 4 0.05101734423315061 5 0.006457193929301688 6 0.023081728250909313 7 0.011280952757523536 8 0.012006917379988687 9 0.025767795412304974 10 0.002719378535071294 11 0.03752840011899413 12 0.02873868362169137 13 0.00836731709989331 14 0.009048818271100004 15 0.010426667370699303 16 0.05859510420349003 17 0.0006608010619305157 18 0.0014413887066965767 19 0.010161108042156348 20 0.011114334830414515 21 0.003235270184825372 22 0.0034799688450563044 23 0.007394694640696965 24 0.007085859869492441
25 55 0 0.030323380544252272 1 0.025848677377630115 2 0.04538282988541802 3 0.0736830094052829 4 0.023316925122278054 5 0.00044004233389236024 6 0.0063592173768893135 7 0.005947250826396241 8 0.00896582485724128 9 0.015265718856680559 10 0.007147302422412041 11 0.0007380032752506029 12 0.023412754428122077 13 0.021153242319778887 14 0.06861157845628389 15 0.018926706876172497 16 0.00047362310794675944 17 0.005912036532633689 18 0.0012121982920663557 19 0.025705122728846327 20 0.007393867277702442 21 0.024106796360667496 22 0.019799902727282527 23 0.01161611791039792 24 0.029196777820169068
25 56 0 0.052056038051429665 1 0.014128260912192247 2 0.002459141366837736 3 0.00012687822709851155 4 0.03300152923154561 5 0.016277060808438455 6 0.011327339978051243 7 0.006896300168433565 8 0.07434034169388153 9 0.008541040892731113 10 0.08075215753158592 11 0.009138057520682301 12 0.06578616998364846 13 0.0347443148561106 14 0.037980416902310535 15 0.05041183709038141 16 0.030902377801371707 17 0.041096086345681175 18 0.0032420636172384083 19 0.0022004638315742775 20 0.038694187251979206 21 0.06968996345831069 22 0.02072261280062444 23 0.0023594893932940004 24 0.01972985306173207
25 57 0 0.08350275735455806 1 0.025354345756055628 2 0.027764668228242462 3 0.018335216300975496 4 0.013718177881919575 5 0.006104742219038588 6 0.07627824498104387 7 7.59094528446015e-05 8 0.026508667299832395 9 0.008485302530485286 10 0.0349146546668305 11 0.00953270272619029 12 0.021224300243883578 13 0.05251953221881707 14 0.02917209932449283 15 0.008514421769363357 16 0.019656148269640593 17 0.021171139316690308 18 0.02054355045578888 19 0.011000541443921328 20 0.0413709994163048 21 0.018983362561806966 22 0.008461647866324555 23 0.009968751049786468 24 0.004168713508239156
25 58 0 0.030005911905248317 1 0.017786383136380125 2 0.006542280971760802 3 0.0023229019918266877 4 0.0060674305228346085 5 0.0016621975359405298 6 0.007236337002486115 7 0.0055022319087244176 8 0.07218401743823619 9 0.019531960637338305 10 0.0037527667579713045 11 0.010980354221902204 12 0.021478493655567706 13 0.0016637971544016246 14 0.008927268031925287 15 0.011590300025311025 16 0.017204973225765224 17 0.0035304621077510037 18 0.00725406500600259 19 4.6431878625566295e-05 20 0.007807840848803496 21 0.03998124165307856 22 0.012879012290887504 23 0.007199854126176659 24 0.0019833321338383644
25 59 0 0.0036592674603521383 1 0.020877962677671835 2 0.015611538222636279 3 0.00020182143829226173 4 0.013043587713280482 5 0.016355524395845273 6 0.05347728986058476 7 0.004472954260349525 8 0.002797859525235688 9 0.03278757173418034 10 0.01665391373768234 11 0.0004640221311769375 12 0.053849399564100286 13 0.05972053154531696 14 0.004880696589091256 15 0.0076768195104018255 16 0.022824396956066247 17 0.01222394942235592 18 0.026016022261383786 19 0.00034639236387802526 20 0.021305090346623198 21 0.0039714287816734655 22 0.026531691687175313 23 0.009307730338610522 24 0.006250108277956058
25 60 0 0.005134855320856192 1 0.0008994858715619068 2 0.03130430745689417 3 0.004040589228417667 4 0.0029606527181945856 5 0.0021589511453744023 6 0.01073142334324728 7 0.004134046582054455 8 0.0610868106260601 9 0.010609794366251889 10 0.010440159400008432 11 0.02035938135575651 12 0.08550528590836054 13 0.04020105604689918 14 0.021248056033722897 15 0.0003409729847986285 16 0.008123028794611756 17 0.02458023040439331 18 0.0002965536195821894 19 0.003933027444965587 20 0.00023079157334367266 21 0.002120353200233144 22 0.004648019069147049 23 0.03052094927323565 24 0.014734517177872473
25 61 0 2.48565338361996e-05 1 0.009988052330539638 2 0.010588397858378897 3 0.010727482207947203 4 0.006869773065389086 5 0.0014582755856373249 6 0.05886635252148216 7 0.007990783108819947 8 0.023386318652446284 9 0.01153086931909176 10 0.02749145833133995 11 0.025262730373791658 12 0.007928152516688785 13 0.04505501999796491 14 0.004466685278721065 15 0.01724471008016936 16 0.049529123476155665 17 0.0054519223266496185 18 0.024351201128070588 19 0.04500404210071784 20 0.029002736655621066 21 0.038768387345925095 22 0.05053230010967782 23 0.01126589200601845 24 0.0025022404460725888
25 62 0 0.060171480845857175 1 0.025166389621838953 2 0.01335538545860512 3 0.022620488286192418 4 0.0005741343203825316 5 0.08758876153753971 6 0.001071818833122145 7 0.03039506064734317 8 0.01489921488090944 9 0.00830875075076141 10 0.004120772586379978 11 0.001976422073103182 12 0.005210275824800083 13 0.0039146613085469985 14 0.000131985756814896 15 0.014472658888705659 16 0.02754943338898891 17 0.005267747378218436 18 0.010796888256903534 19 0.015722192967240915 20 0.009443177443527585 21 0.013554662860323153 22 0.15351366828389046 23 0.003920860516446161 24 0.023353244017347605
25 63 0 0.026087428005569922 1 0.032288018069838935 2 0.009572252705499152 3 0.013196854632200643 4 0.0014482495563851825 5 0.012389936681967043 6 0.04386821095963869 7 0.025105275746566194 8 0.014035602737089814 9 0.035162848050399924 10 0.017331678251847355 11 0.0029439403998135693 12 0.00038389756447178855 13 0.019662618338487616 14 0.0028401868986575 15 0.023248842441345438 16 0.019605207998836395 17 0.021134849620049637 18 0.011530104403569495 19 0.045076457800297884 20 0.05439311444273133 21 0.02991017017313955 22 0.04219365228553516 23 0.02029259403650872 24 0.030938111072196017
25 64 0 0.0013342531994719252 1 0.00822745148786353 2 0.015134266713566685 3 0.0062309201052040694 4 0.014093582157002639 5 0.0008525819435131555 6 0.017508908886664825 7 0.03166823751306481 8 0.010719076070927591 9 0.04106376789773556 10 0.009909418698733817 11 0.01011608070819701 12 0.01010151114231681 13 0.013606976877150033 14 0.021951079860502955 15 0.013966763449935147 16 0.0034457527343821253 17 0.017997818322654693 18 0.02197611941046959 19 0.024280218278143084 20 0.007559943750413074 21 0.006478849690776229 22 0.029054330466761976 23 0.007350776678124227 24 0.0023725125535900473
25 65 0 0.014407100946378912 1 0.003622362347861053 2 0.004585948637449933 3 0.09617986343764616 4 0.023729586582600905 5 0.034406197896648706 6 0.00016621366635353609 7 0.038477142511485964 8 0.02892616143647197 9 0.00824468108031254 10 0.044528753744101444 11 0.0006574015414981418 12 0.003627197425893388 13 0.017025141589541135 14 0.01522123705279244 15 0.002764744565759259 16 0.027856792237174546 17 0.012443583938571319 18 0.000850743561745717 19 0.08465457219234594 20 0.0006078937903178735 21 0.028267341095553275 22 0.0017540956360197447 23 0.0059187823193028125 24 0.03014232633313654
25 66 0 0.009821820794040547 1 0.0005429894120277374 2 0.012848093943053893 3 0.017469287181364663 4 0.04190501614135018 5 0.008217483834269816 6 0.030367570949659084 7 0.03020653331090287 8 0.019092423842383563 9 0.0035652134810802054 10 0.08474673131970255 11 0.014464057602124556 12 0.016595068573204565 13 0.025588010956623455 14 0.0297750589285173 15 0.0036627357424167534 16 0.019331402284618597 17 0.01998798632136647 18 0.000512909450135789 19 0.00512993377724708 20 0.01529282891761006 21 0.02229254096700068 22 0.01206443804647398 23 0.0036805775582156087 24 0.03496165616157021
25 67 0 0.014716934024934665 1 0.006617586745772297 2 0.028544599424285142 3 0.034153000371838924 4 0.001686472561359986 5 0.008407159843506097 6 0.020965493862053368 7 0.03071557411138717 8 0.001425552322171731 9 0.022228254715170894 10 0.03539006205968991 11 0.029429851194555413 12 0.026359533718944707 13 0.004484225660756377 14 0.01560545347157936 15 0.010410466112148773 16 0.0042175378235638295 17 0.009038705222361691 18 0.02287461764263548 19 0.04644944303288118 20 0.004269299800630168 21 0.027258575725123815 22 0.028625619205185686 23 0.0016686594709529757 24 0.014661605174136285
25 68 0 0.03477310734390403 1 0.03957515820978272 2 0.002420463736285477 3 0.0035344963211545806 4 0.014223456556531684 5 0.011739750679376434 6 0.030092275650382982 7 0.002605172755362416 8 0.006411170216259934 9 0.0009762621373337427 10 0.02921949958279798 11 0.008600699960778245 12 0.009750402160710181 13 0.012915924381581005 14 0.025126111357564894 15 0.00853832583313416 16 0.04342007569101582 17 0.004359989918871391 18 0.032883001739259135 19 0.02288385697515505 20 0.005450458165677989 21 0.0006858716729025659 22 0.0337044937481295 23 0.0012808734368301756 24 4.667565294115231e-05
25 69 0 0.03268867482022029 1 0.0015299169573373805 2 0.040859670959939226 3 0.0031301852489820565 4 1.5898718165653325e-05 5 0.016235901110160895 6 0.05259592487532756 7 0.015527880896721294 8 0.002257255878134682 9 0.008547704619483116 10 0.020224990919491575 11 0.04464598357671961 12 0.016563662826911275 13 0.011730631155175355 14 0.002002975969504828 15 0.002394718906407288 16 0.03328173738118179 17 0.0071238190433973 18 0.09061479714684723 19 0.01685248645792235 20 0.03201405202062844 21 0.03275813442905336 22 0.008561453222583093 23 0.031570643621774336 24 0.042904816870389655
25 70 0 0.0021428357167081616 1 0.04340383627605077 2 0.0034519577066163343 3 0.0064211327646248205 4 0.07503682610780875 5 0.006288823895305315 6 0.026900956674796955 7 0.009107445713650339 8 0.004758770814550484 9 0.02328325189293466 10 0.009395306389724441 11 0.025999047079072014 12 0.004694266542072755 13 0.0014844897794018242 14 0.01731856263817899 15 0.003958782225077505 16 0.013098666210483867 17 0.019252343420563665 18 0.032887534830885676 19 0.007525131443942655 20 0.0026736820897758696 21 0.031587348229010034 22 0.014841889577358696 23 0.013174244975541607 24 0.08620262352205346
25 71 0 0.05914812361511007 1 0.010811288596726532 2 0.003470430285029244 3 0.003955000459252 4 0.0001255439377984088 5 0.02867363121889171 6 0.023884233579005498 7 0.004846513767606668 8 0.0459225178287368 9 0.007624250871640917 10 0.08941105747864934 11 0.015566602202488856 12 0.0021562089397533573 13 0.003489345661182211 14 0.032871887042749084 15 0.00437238754172548 16 0.014000299598508865 17 0.053690413074678645 18 0.0011945262020390103 19 0.015161747136122637 20 0.0067248067003867285 21 0.012363351831009992 22 0.016425208913152918 23 0.016699289643867493 24 0.007017904191901265
25 72 0 0.000907506574045595 1 0.025482524568063984 2 0.018155240088607635 3 0.01951509603428568 4 0.007091781609195725 5 0.03211010348670854 6 0.06603326190301505 7 0.01754230078799049 8 0.011432345982660746 9 0.0030411035002339097 10 0.0019125332258448718 11 0.0011737242434896942 12 0.021165893364625207 13 0.022250571192991463 14 0.018775201435638635 15 0.0017855651061863267 16 0.0009071436905529588 17 0.01672092075096299 18 0.006482899723372379 19 0.04504808457715991 20 0.0010877438132128848 21 0.0016467035482383154 22 0.015653345237207114 23 0.0030465170114721573 24 0.014976865440239717
25 73 0 0.04341822870528055 1 0.01258727684748094 2 0.016539717871758397 3 0.005432557523504219 4 0.03438680182578963 5 0.02006174379090553 6 0.04887913080392703 7 0.002323600022559544 8 0.013447060729770633 9 0.007704536219860219 10 0.0005311014908668834 11 0.045069521104457666 12 0.005312449943571119 13 0.0126284782451148 14 0.0028964971726000294 15 0.017240959761063667 16 0.013074191744368859 17 0.011068735273513866 18 0.005178806166618008 19 0.01566785639622582 20 0.003343216411804874 21 0.02560625351729302 22 0.009785310108330798 23 0.06323878478593316 24 0.014177455185780022
25 74 0 0.04361122250181744 1 0.07834886332829384 2 0.015651278285389522 3 0.034213161312799605 4 0.048084334999301474 5 0.01627446695402139 6 0.0036545719498851004 7 0.016110198963127053 8 0.013453434880695248 9 0.05814579151296739 10 0.007029957321934141 11 0.06729203272008957 12 0.018036263948228663 13 0.020181706316889307 14 0.025449405886251917 15 0.022681319693528504 16 0.03302197921995508 17 0.01621803191135675 18 0.003599308897840789 19 0.09728316376902221 20 0.011892704078090916 21 0.005970073027719038 22 0.004371254153565292 23 0.011682653330027222 24 0.0679790370815883
25 75 0 0.021976472955419837 1 0.025363821889816122 2 0.041731385236024925 3 0.0009438918994327318 4 0.007998582608566406 5 0.010303916718067753 6 0.027986427947798934 7 0.002996442379365121 8 0.043390721152687925 9 0.0013809432291278037 10 0.01494953864953345 11 0.01321105712581751 12 0.00017645926987727348 13 0.021304645331987122 14 0.005997238831501161 15 0.03888433100216495 16 0.0008588408810254764 17 0.015385086016668261 18 0.007538585542609638 19 0.008738054202068937 20 0.010813587793084334 21 0.005197882011320565 22 0.007062420168894916 23 0.020974278720109082 24 0.023489982184917095
25 76 0 0.017047405106212245 1 0.015124234854091425 2 0.04474622664801761 3 0.017502211796599772 4 0.006249820602944726 5 0.007294117582928917 6 0.007850843575516877 7 0.01314394767034858 8 0.04140001407589785 9 0.011455738989605594 10 0.022690034857921062 11 0.0022641252872471615 12 6.83888849597177e-05 13 0.007762448029735539 14 0.018432264410607857 15 0.0030179438044679054 16 0.04863163430280956 17 0.01988452283658253 18 0.014918050229964168 19 0.0056990333692542566 20 0.02218792299561954 21 0.0488991602018805 22 0.002904902126749951 23 0.02865366423237679 24 0.018247815524974908
25 77 0 0.0010321001973174603 1 0.0033833339274563596 2 0.027694794245469424 3 0.003227828137979108 4 0.005599072977235588 5 0.022871321849768953 6 0.017622865959586745 7 0.023727299632672706 8 0.013518472415612486 9 0.0020035533640033183 10 0.0070862973373558 11 0.005610886763490904 12 0.021531386558511098 13 0.05095595980536973 14 0.0049090531521066225 15 0.00517066319103221 16 0.08748601069900018 17 0.011035540676778446 18 0.06717515023808535 19 0.0049198534286095915 20 0.02120124139311608 21 0.00011213182844474095 22 0.029768078108858682 23 0.014085618056589436 24 0.013330845742819388
25 78 0 0.010403477647163288 1 0.020020651052269182 2 0.00973470765182485 3 0.02724841034809348 4 0.01032163939205519 5 0.016118402319487184 6 0.014229235919388386 7 0.00612072572268364 8 0.02224255512181099 9 0.0003213191795072411 10 0.01249826624850234 11 0.03632161071100149 12 6.524145631624211e-05 13 0.013159286340083919 14 0.0017165153814809703 15 0.006191645308599094 16 0.00043031647157627844 17 0.0044373690805199414 18 0.007795338695435591 19 0.0013307764907133906 20 0.04568647263224587 21 0.009582228106868214 22 0.06349558710769393 23 0.04982068131247375 24 0.02649632312252156
25 79 0 0.0011494646954643833 1 0.011306744971191073 2 0.005122935986159103 3 0.023999925922596616 4 0.00028365163353271376 5 0.11129258297862922 6 0.009169492516969193 7 0.007095432667235192 8 0.060894875953600026 9 0.04780267504794103 10 0.02980830933698743 11 0.01976883597681991 12 0.06369713776154245 13 0.023503834671982925 14 0.0624586575897481 15 0.0023426288410814252 16 0.025881803128660952 17 0.01265403343101433 18 0.006190704497594258 19 0.011479737106765255 20 0.001093718536767849 21 3.156457873451784e-05 22 0.0012556799240276506 23 0.004088518769626302 24 0.00011226829056052318
25 80 0 0.04456351185011254 1 0.05524793424172137 2 0.017500312577860742 3 0.018050981509827545 4 0.0003711787220247487 5 0.019318420609765703 6 0.005956768726512608 7 0.004895474777880781 8 0.04700117943772151 9 0.006729569502008964 10 0.0227380039947558 11 0.009143613417988722 12 0.04381601946405649 13 0.0004176980199911578 14 0.013733867654605473 15 0.009255767057326308 16 0.025514114284717632 17 0.009983687268251568 18 0.04200397601992485 19 0.008121169969847807 20 0.0008501792253237738 21 0.006524414988135349 22 0.04744004370799049 23 0.022202704335262866 24 0.027540986783853222
25 81 0 0.0191660418609095 1 0.015049011653989633 2 0.004915502152537774 3 0.003093669290933714 4 0.036977566086098486 5 0.05932386771886906 6 0.04339595382759633 7 0.008507231191530162 8 0.009448148095566239 9 0.0009699029121201792 10 0.015840009004694164 11 0.005762459840114343 12 0.014392114222333685 13 0.01226201719951243 14 0.0005270893126118882 15 0.0019381018425400588 16 0.008656690692927358 17 0.021206755261624858 18 0.028817760264186473 19 5.643776181202248e-05 20 0.02534235477116609 21 0.011455779013247576 22 0.009243389342784734 23 0.008857289953391329 24 0.0302553214685763
25 82 0 0.007839428539572625 1 0.01511290945217912 2 0.02081980921167525 3 0.02104315193953064 4 0.01256903892043257 5 0.03404984522502216 6 0.020705769451263855 7 0.040330833144738114 8 0.07689781615045493 9 0.055329073239095625 10 0.01003511527160874 11 0.08803864934096517 12 0.004294057871483206 13 0.10503011135981252 14 0.0009527439608649305 15 0.004398657339648115 16 0.05993214094714979 17 0.050171718075671175 18 0.006021741166551084 19 0.000838379397185905 20 0.00012383346104261089 21 0.032555058538516646 22 0.021203823605715197 23 0.016564077287877708 24 0.03730346039103933
25 83 0 0.015269441337741354 1 0.06434914669630351 2 0.005637871966767483 3 0.004621599447078359 4 0.003958667597020216 5 0.044093052522587335 6 0.04105168624037868 7 0.001982424027878559 8 0.000347978050685223 9 0.05769957536086279 10 0.012731218051713813 11 0.019484903494612616 12 0.020638776647448075 13 0.01831249269767609 14 0.002087536717746897 15 0.02153423581506117 16 0.0061831774346861506 17 0.08670087525516154 18 0.021095757125103143 19 0.02025817118390359 20 0.0025327163513355682 21 0.019685944274261586 22 0.007354765540811149 23 0.014889845843737768 24 0.0004506662640413077
25 84 0 0.009242291644907932 1 0.020839988735372024 2 0.007444583139033717 3 0.04909202542892082 4 0.04201600286057844 5 0.0034519302756588215 6 0.0444869016858891 7 0.01812093558893174 8 0.005692985762545128 9 0.01836714623663706 10 0.0076312357297520185 11 0.02077908855722013 12 0.006609147205023988 13 0.009460501548593101 14 0.024624741691124254 15 0.01640084708518402 16 0.02432884213092753 17 0.012435745269646062 18 0.0007236957932893272 19 0.005942661977649893 20 0.016382776902865135 21 0.0053737244952804545 22 0.007161565079279168 23 0.009914637950350899 24 0.005257215700695369
25 85 0 0.041404633701044205 1 0.029086772576448715 2 0.008073557997858074 3 0.00038157676759719333 4 0.0362590768410726 5 0.0007911656146415328 6 0.01514244168526891 7 0.01494298432718594 8 0.0010794497769681566 9 0.007064428205524352 10 0.012172249721839197 11 0.02675171511753885 12 0.01095742046684079 13 0.05006819589817402 14 0.013748163637478428 15 0.04519024922187644 16 0.00019211566337364115 17 0.022046534398382108 18 0.012686129448631287 19 0.0018841734642302376 20 0.03320498652920858 21 0.0022794013052778494 22 0.014648227566392131 23 0.043697637179164736 24 0.013056042856931361
25 86 0 0.0030290044270880377 1 0.002394239536838392 2 0.0023841968242732017 3 0.0027770939505784072 4 0.006818725453705088 5 0.07898625059258228 6 0.012256981710991224 7 0.019475199722901956 8 0.02615233621920322 9 0.002337276306013629 10 0.014596409569471292 11 0.01810006070631621 12 0.0029984105032207463 13 0.025395915842717005 14 0.006764118649223986 15 0.005586418384101371 16 0.0027042444801525793 17 0.0003417597434993194 18 0.020598710523152725 19 0.031711977786464056 20 0.014340354061598289 21 0.00782511379335601 22 0.001146170463749938 23 0.010460608639684604 24 0.010472007794553984
25 87 0 0.010959442118985653 1 0.03316170835053828 2 0.024512779855262085 3 0.00669217589992049 4 0.01360193287883072 5 0.017040273715201403 6 0.03542732108918763 7 0.020354417983546282 8 0.023160839851476024 9 0.001477867682961776 10 0.0373487128104192 11 0.014742036006192867 12 0.023954002096125027 13 0.03602946955355033 14 0.013585533392584996 15 0.017357862026102608 16 0.01578998040913988 17 0.011595912398397096 18 0.014931664700962497 19 0.011248181850805021 20 1.8226334048438482e-05 21 0.009541630464004516 22 0.03189935836072568 23 0.008975947949411608 24 0.04985939898775857
25 88 0 0.06252116804804296 1 0.00626741798595998 2 0.014254080135846827 3 3.1225317431881446e-05 4 0.016159823942527993 5 0.0033714685611890473 6 0.030351176431202904 7 0.002057303036959399 8 0.030339119630467547 9 0.010741007929001485 10 0.004123102270796304 11 0.004350528112242579 12 0.009577323210963561 13 0.018949111719696824 14 0.01578405222544827 15 0.0032177729821345276 16 0.004532230905948266 17 0.0027093711989394187 18 0.020510227401390035 19 0.02275231775908845 20 0.017469493867067466 21 0.028905880144545853 22 0.004532876295773382 23 0.0025118835208405867 24 0.018207126070998753
25 89 0 0.01852520776030735 1 0.006202912317058952 2 0.016527192491426826 3 0.0047410761324589035 4 0.02419924290133682 5 0.011517594600411848 6 0.01478322641256491 7 0.0012019049920946735 8 0.0030200302917345856 9 0.01621798643191198 10 0.01260329802962499 11 0.010568259396714297 12 0.0064415048859433974 13 0.0298239610518631 14 0.017129684417939533 15 0.022374304089710608 16 0.005310637143830798 17 0.06829556658937272 18 0.0007471602945129637 19 0.0028149926851869845 20 0.01685380457665201 21 0.012599402423207146 22 0.017647278144016447 23 0.0955866468682353 24 0.037573851596764005
25 90 0 0.016582685029734347 1 0.023105229119257973 2 0.07643662913126387 3 0.011319574057906607 4 0.008556735491932357 5 0.08344203740468126 6 0.003413665791823256 7 0.0021675758358959273 8 0.0017611765774068686 9 0.028828603488555902 10 0.020757290391721007 11 0.030886782313496494 12 0.022473311332558314 13 0.0163066629019245 14 0.013688287521003156 15 0.014180735457441864 16 0.07906767808194737 17 0.0015949545973923335 18 0.03894384825608755 19 0.024949796102232833 20 0.0358634711362444 21 0.0031972211699367215 22 0.01422563849748434 23 0.027405268674826927 24 0.007446924025566307
25 91 0 0.005018210917587648 1 0.04649092321480766 2 0.030394283817269174 3 0.014661949957494012 4 0.006168064183733089 5 0.019576101599797512 6 0.013768686688035917 7 0.09818163316974259 8 0.010265941439096666 9 0.04798384744474021 10 0.014395496193369184 11 0.0061354807974568285 12 0.00010904670213169423 13 0.03930969780555847 14 0.05570440540269246 15 0.006068688500346216 16 0.03655074520532914 17 0.014570463523276069 18 0.11813244201115794 19 0.013128241964985628 20 0.011661203066042717 21 0.0006069682856113358 22 0.0031216432420744706 23 0.009335091987607035 24 0.07994427733710129
25 92 0 0.02584839246512562 1 0.033317939503178226 2 0.06110034823538769 3 0.0015271045421185272 4 0.01862528851083821 5 0.013233075413532134 6 0.0017651015852363028 7 0.057216594746528335 8 0.018430659865345474 9 0.00029319996494789845 10 0.0030165605202296416 11 0.014201771945284063 12 0.026750479395579375 13 0.013958431998367903 14 0.015563046837411713 15 0.01203002111773779 16 0.03174601352509677 17 0.008341691172638624 18 0.025998102386321317 19 0.004854808008505229 20 0.024414054730878713 21 0.0010275509292212112 22 0.01063563353535561 23 0.012532384313933108 24 0.002113295030880107
25 93 0 0.05812585728189354 1 0.0009575424332313932 2 0.033907490750722316 3 0.03014498448257311 4 0.0034504102389270154 5 0.01722707431807947 6 0.0013852340715050334 7 0.013981746664653396 8 0.05514766103876034 9 0.033939371994613915 10 0.0038419390851095287 11 0.004641477936809268 12 0.027033000847221402 13 0.0003976257144388582 14 0.01929944015537221 15 0.009734375181500846 16 0.006988894387949521 17 0.02443049343337793 18 0.0009809040570342667 19 0.01643894902211234 20 0.033966184738317 21 0.005811378449860175 22 0.026190244831458622 23 0.0027843803720796595 24 0.02232968379336945
25 94 0 0.021734913201854927 1 0.006069270639003979 2 0.041321204787401714 3 0.00045246475330416316 4 0.011903140660691678 5 1.547220811075035e-05 6 0.015390772243041454 7 0.02187796689777058 8 0.01377073847139921 9 0.054828101069004945 10 0.0375468758660892 11 0.008115944744416579 12 0.025666630270626815 13 0.03919238930893301 14 0.009882079228654382 15 0.00036968979554839813 16 0.048071779325571475 17 0.00665688499778838 18 0.013500602998324802 19 0.01422127921510754 20 0.013409430096392344 21 0.029404531021115662 22 0.00961320206211036 23 0.009797467012295415 24 0.03271560326260778
25 95 0 0.036296476351400285 1 0.01114420903959979 2 0.05378592157622138 3 0.009666233357073003 4 0.006834510584078949 5 0.0023519275710291825 6 0.01860807110689893 7 0.018952988666651797 8 0.024160451296589502 9 0.027390016309551634 10 0.00302286349575033 11 0.00030625892842709704 12 0.0021691295006794602 13 0.003717116861019895 14 0.011697680657932011 15 0.00854102400306572 16 0.00954492488569819 17 0.05913513094207718 18 0.005270305407287865 19 0.013992057338912208 20 0.00832942804813131 21 0.005156574004057726 22 0.034163047510232615 23 0.0030194655529348817 24 0.032114007015911224
25 96 0 0.012255446330159727 1 0.0010431179998332469 2 0.0059327035402925755 3 0.04159002432645457 4 0.004680356496455484 5 0.02006440433266527 6 0.019792985775895076 7 0.018597197013431793 8 0.021274285094857594 9 0.05015343400575482 10 9.936629717241853e-05 11 0.018444118051725772 12 0.022218364223919585 13 0.014489295275524757 14 0.03662398197588521 15 0.02183821574301129 16 0.003984647505089201 17 0.0011107607971378537 18 0.03037606987463767 19 0.01789071261822395 20 0.009703000622544453 21 0.0420707748974625 22 0.040992887729057785 23 0.007770742580188212 24 0.05422230161850983
25 97 0 0.007638004256242645 1 0.008779214169719189 2 0.0007951504464420616 3 0.005448091014911647 4 0.023338023549045156 5 0.02611050229513242 6 0.012330148990033903 7 0.001083254923991285 8 0.027083954813090685 9 0.010076797423881735 10 0.05275349620507127 11 0.0018194602165187035 12 0.03236431841906722 13 0.027104146630355125 14 0.013546096588940125 15 0.01889626484851754 16 0.00737482713796509 17 0.0087010309942681 18 0.007418862899633006 19 0.0015449935930920194 20 0.003718347038181593 21 0.0356366803539233 22 0.030413983096892697 23 0.008579652927773502 24 0.016795392258348373
25 98 0 0.005767037875893352 1 0.08212960001484668 2 0.006073971184015664 3 0.0491114223081042 4 0.0016761963940997479 5 0.01986104134232709 6 0.003473225796791314 7 0.037640824576587024 8 0.043243526878110734 9 0.0086482090439407 10 0.03757451677238416 11 0.027666223546878137 12 0.011891227675865208 13 0.004802068272165492 14 0.0073649976423386925 15 0.04374171817509219 16 0.018338358890459247 17 0.020717156427539695 18 0.004784746727207164 19 0.08864683219562429 20 0.004325157415801687 21 0.01098562372897751 22 0.001480321526961166 23 0.003859783102872196 24 0.0018506339042636533
25 99 0 0.02187241594227762 1 0.03080986417957631 2 0.008604865059623141 3 0.029746989121229427 4 0.004326638285405299 5 0.0017517266648301756 6 0.03496971153858229 7 0.012619037996004905 8 0.01103426725704628 9 0.01797439943295748 10 0.003925790916826765 11 0.020569342465477435 12 0.007333338768426892 13 0.02067972073561524 14 0.0631102321096938 15 0.0038152490370452798 16 0.013190159773174438 17 0.0031749737132630465 18 0.02976871610989016 19 0.019287333707268643 20 0.019058394226473926 21 0.04892040612390968 22 0.001750303022269734 23 0.04159702164654447 24 0.1142309472906659
25 100 0 0.0066347292167904925 1 0.03940807059623605 2 0.04758708321125612 3 0.033163327989645296 4 0.008831929468809636 5 0.0011185845145159216 6 0.008219839844476278 7 0.004490022208657496 8 0.02417483489610794 9 0.05672282231574439 10 0.014701447650689314 11 0.05691499935068953 12 0.006089762917095208 13 0.005376144595804501 14 0.021079190041800366 15 0.0032132438663448866 16 0.009353584467879759 17 0.020577508092728194 18 0.03892437121318911 19 0.029783029518158633 20 0.023205963214429418 21 0.08747465385756019 22 0.004287423663128894 23 0.012379920775018784 24 0.024437965166324495
25 101 0 0.02703761718882838 1 0.009017178971797494 2 0.023367271728522553 3 0.04162217636722778 4 0.02832342516438802 5 0.05612413614147351 6 0.02146515640026362 7 0.051317003563440856 8 0.01637973775780623 9 0.0012290759369856144 10 0.01809477761931727 11 0.014393324757961203 12 0.024146367562385546 13 0.005368101534091289 14 0.003913072801160568 15 0.020965189420713376 16 0.013098384975899798 17 0.059832757850174084 18 0.021837075292628842 19 0.010630019329625684 20 0.016845574538630215 21 0.030649474040576736 22 0.017351511433291538 23 0.00608672280817057 24 0.03504854744349226
25 102 0 0.0037948228444750825 1 0.013360250547029245 2 0.007468508783594595 3 0.0257301582320847 4 0.0376228045091165 5 0.01755526794076804 6 0.06943771640104422 7 0.0019704275813258367 8 0.02432940782377817 9 0.002710814516071728 10 0.042391543986016744 11 0.018367491276048586 12 0.0005104934065848943 13 0.0022618922574553077 14 0.001296473416018304 15 0.04632289050359131 16 0.009390396345968915 17 0.005616910247250201 18 0.012910731525832848 19 0.0027067476969486527 20 0.07325609693667721 21 0.003944421027676298 22 0.0044045683313838945 23 0.0047845161914864395 24 0.007082281194577376
25 103 0 0.0034909885189126676 1 0.0006266971570019197 2 0.0005260894041974984 3 0.06670939954159555 4 0.03167329007703088 5 0.023765752897929808 6 0.013322121335674513 7 0.0034221114178661955 8 0.006298355871831527 9 0.04204284133480668 10 0.007398575218518399 11 0.007299112571177315 12 0.019302503032088535 13 0.021493115920387888 14 0.004256034165858498 15 0.019889841194677245 16 0.04634294146363618 17 0.017814350741730798 18 0.009693283599898551 19 0.002497832536888126 20 0.012142386562801828 21 0.0002036380373324684 22 0.00012548359739472553 23 0.07017591378530366 24 0.026576606020721344
25 104 0 0.03763378969931396 1 0.006982481033255989 2 0.023498761137342897 3 0.04524585894699953 4 0.045597117306460364 5 0.015146881044422297 6 0.033184830713948996 7 0.024325823643131433 8 0.03398377213413665 9 0.030062036276438792 10 0.012213605233775722 11 0.002569455243971714 12 0.0029264797410318817 13 0.01996816578852936 14 0.032249957446122794 15 0.004031191536928782 16 0.01056615221402868 17 0.01779902906473986 18 0.061879151690468835 19 0.007560684205042374 20 0.005371928237735115 21 0.0012919407692227073 22 0.007088484959489429 23 0.041355761416194445 24 0.0007122948213385862
25 105 0 0.0001463041567184684 1 3.289843994823558e-05 2 0.003618234973113931 3 0.00924773441698983 4 0.037216061280688016 5 0.03238671163126767 6 0.0015102051961197241 7 0.00743400117307642 8 0.021816004384906912 9 0.0202903487068449 10 0.027420377483970335 11 0.011574323508469151 12 0.027123291283464704 13 0.006459733604690532 14 0.022654934569899948 15 9.162629035750195e-05 16 0.0025242710735992008 17 0.009098634293619155 18 0.004202600249586858 19 0.018975469865362155 20 0.0005566288854923989 21 0.011003972585200299 22 0.004647349001233295 23 0.014770226456287628 24 0.015983898937090475
25 106 0 0.012263707173604515 1 0.016936808315692848 2 0.05512659960893127 3 0.008421691883275777 4 0.016116605007272557 5 0.01348154568403217 6 0.01228475310368157 7 0.0017910935327970087 8 0.0076522606926832494 9 0.004981632402860193 10 0.0038108387561621433 11 0.03294558716116506 12 0.025966903248362285 13 0.0048255518167015 14 0.017927461029041754 15 0.004724085068415961 16 0.01768538680045837 17 0.0006738371344756116 18 0.005681648006178718 19 0.07027351321080133 20 0.028656504036371457 21 0.0035216355801734006 22 0.009446248081274504 23 0.010283795540517933 24 0.10870500975782471
25 107 0 0.0341268158125753 1 0.029799707542664384 2 0.05649624777176606 3 0.02637844791166482 4 0.010352610364204103 5 0.02430793386650125 6 0.019879372692253098 7 0.014577754254788439 8 0.001810218873613226 9 0.03781505237149899 10 0.020841146999313654 11 0.00983580753156742 12 0.046379662972659066 13 0.0010613995902440942 14 0.052671404460510524 15 0.0006218794599041506 16 0.009769640757640405 17 0.004194300521257684 18 0.008670668117462853 19 0.009177116864724668 20 0.008648577087904384 21 0.03731394155206978 22 0.0016004113014269317 23 0.006047880305687277 24 0.0011492326487217155
25 108 0 0.026292761603301417 1 0.04571012535647676 2 0.021474779925858358 3 0.013908865839161661 4 0.00028309349147345963 5 0.023781441994975113 6 0.0015547479179422096 7 0.008889201728412285 8 0.0013261038475290373 9 0.01213004784486099 10 0.008159155278336175 11 0.019406891719933175 12 0.013611583661280725 13 0.05855944087140667 14 0.0004992486121426883 15 0.012492666457956261 16 0.032857493566153514 17 0.0008119478539096748 18 0.03947907102736785 19 0.02325846677260801 20 0.021939079661236042 21 0.006315617946942495 22 0.00722649105013651 23 0.009379392352485732 24 0.007711592643690773
25 109 0 0.013865958397032323 1 0.018890785881025985 2 0.008162004139502813 3 0.013874292830733354 4 0.016964373712291793 5 0.015234523025199459 6 0.010333612822730064 7 0.038375705519706135 8 0.005163442655125054 9 0.01305796796487688 10 0.00937353429188819 11 0.004830936554940641 12 0.004033125732512393 13 0.013678608296924213 14 0.01782971001024453 15 0.03308954357381134 16 5.910945260851139e-05 17 0.01828297583286858 18 0.01532980222696663 19 0.012350219827024212 20 0.02599512544996139 21 0.022091440928246484 22 0.009206423087147286 23 0.027625008082167727 24 0.0586788098910421
25 110 0 0.017480332792657146 1 0.009090389729087198 2 0.02572143658282501 3 0.0010846881114856327 4 0.019721046137964188 5 0.02007725064332008 6 0.009993969589120725 7 0.003783184953752347 8 0.0028227985287551218 9 0.004400956313614496 10 0.03340408983346756 11 0.001915026102581932 12 0.002390848006455868 13 0.023388642127131362 14 0.030823952281970636 15 0.005390927504354822 16 0.035046279735880294 17 0.041908933689699474 18 0.012519064791969783 19 0.005209517302729429 20 0.010806324871357782 21 0.01782567198519911 22 0.000805896252791383 23 0.009263959294372988 24 0.006130719781635517
25 111 0 0.0024363947908191746 1 0.022131327060151484 2 0.01525590809308318 3 0.023347691388343642 4 0.007308895703691344 5 0.025862467536009324 6 0.012899758507970767 7 0.07885899948661465 8 0.0100970453235119 9 0.00766251771700397 10 0.017844783674915536 11 0.011382077918331195 12 0.007070579319121972 13 0.032131515678955475 14 0.041048045149094554 15 0.0122136704453683 16 0.02676165504353606 17 0.03526331354293869 18 0.018012503456572612 19 0.016573499097094234 20 0.05181357451116772 21 0.008987931494867367 22 0.002718328389249194 23 0.02262569642926455 24 0.0024057149855863254
25 112 0 0.006392300676209058 1 0.008614637626284801 2 0.02125065974236798 3 0.009302269268585335 4 0.03172533417674227 5 0.0035031940725130644 6 0.01916564999060902 7 0.004626565734516362 8 0.00436228485290283 9 0.008305073805014971 10 0.00100348390642366 11 0.006439297699208109 12 0.01989018620146529 13 0.011834056104332103 14 0.09147444529627649 15 0.0031289460593349467 16 0.002365081115867005 17 0.012133352081876617 18 0.015672169131323486 19 0.022078932696772375 20 0.014469302848482109 21 0.004083006438166213 22 0.08159414690220171 23 0.019069651041655172 24 0.018003816794941365
25 113 0 0.028853201088901288 1 0.00922665538607074 2 0.0015526806658854443 3 0.011370346057870984 4 0.03182083599303364 5 0.005191078622422859 6 0.0009577461528238061 7 0.02564282784758447 8 0.01967765797059925 9 0.00808167603563527 10 0.09150198907521752 11 0.0010580521017607481 12 0.004185473593333051 13 0.004786255695651928 14 0.04217026727086338 15 0.007635636919640474 16 0.029334790813805967 17 0.010898219041568692 18 0.03328047743819826 19 0.048756067795654535 20 0.029601704114698504 21 0.023660891712096958 22 0.0671834543653485 23 0.0005972612453442575 24 0.017941117526459695
25 114 0 0.00864800646559322 1 0.008125495572281734 2 0.02957778342165738 3 0.014138188439830111 4 0.027251932319012597 5 0.009522894726503252 6 0.007525467265896542 7 0.022933347270539126 8 0.0335855948935016 9 0.01167416960945777 10 0.030659368408789193 11 0.03107311424170241 12 0.023609221189383675 13 0.00604458042881866 14 0.001427293819107244 15 0.000920988949596522 16 0.017399989629531525 17 0.0070602748277903485 18 0.0002110308190010077 19 0.025553752607085287 20 0.019319485149987593 21 0.0039401288166636605 22 0.008797990211552854 23 0.047542489969533384 24 0.0048880015411070215
25 115 0 0.021420086525324594 1 0.06641390697527029 2 0.03189281115615332 3 0.06949468457523003 4 0.010725196660960914 5 0.0421234606228116 6 0.023929480354174477 7 0.03136700209436978 8 0.042175796882999765 9 0.08133245352052486 10 0.010961648292764359 11 0.009990974025378354 12 0.001802191750326752 13 0.012490256729303668 14 0.0268847886148455 15 0.037092952273134 16 0.034386094088916595 17 0.010851390514251305 18 0.005976878068952063 19 0.00880179818123126 20 0.010861697331602489 21 0.012575605947599473 22 0.0062190434812235355 23 0.009013886240495156 24 0.006272429293171906
25 116 0 0.013355757269791577 1 0.0018497418575921458 2 0.09447989084079302 3 0.014088397135389159 4 0.002172080100117018 5 0.012474210853852481 6 0.04283773251227806 7 0.010007111406523857 8 0.007728160842622672 9 0.00517669371874349 10 0.018739706158219648 11 0.10798507693407457 12 0.039854970821993504 13 0.006965345986414478 14 0.010176458094917825 15 0.039015295419413835 16 0.013502622086593488 17 0.009210953784030102 18 0.004221172469695771 19 0.017803765663550665 20 0.017517927204742004 21 0.016767288895085594 22 0.01696035509045781 23 0.014879898172618627 24 0.009564054674243575
25 117 0 0.043265124370358364 1 0.00034274574597595954 2 0.011759173839552023 3 0.014062277146576539 4 0.051161367604781585 5 0.004560662649471166 6 0.005868081272271643 7 0.020854887374661055 8 0.06919203842824329 9 0.02322637865023009 10 0.016752414028851262 11 0.0009909233930001683 12 0.017110072433552365 13 0.022719148088684544 14 0.024817187136293085 15 0.04073601646859856 16 0.018800640079697117 17 0.000511406371086599 18 0.006647645856785007 19 0.005257069685486202 20 0.02584336519163995 21 0.0036937823613845838 22 0.019257340189503272 23 0.0030423784699820954 24 0.003737536463941022
25 118 0 0.016019272305283522 1 0.008777519451604914 2 0.007216554924449265 3 0.008645323040781042 4 0.07540707916886331 5 0.019549418758992864 6 0.00426799078869886 7 0.014947974412973573 8 0.015264461597184401 9 0.0017030238833410907 10 0.04516078791913653 11 0.03805493732062731 12 0.01534981415465142 13 0.030209581630108968 14 0.005487716723161614 15 0.017306347663170626 16 0.014119099270169879 17 0.03410701321191111 18 0.009735262603272883 19 8.153744385418746e-06 20 0.023844428977694895 21 0.0014822578072460372 22 0.03684760168110041 23 0.020695647377028274 24 0.01690347200413682
25 119 0 0.00622617696049449 1 0.006167262719373924 2 0.0043909414208025055 3 0.021883940706087023 4 0.03272559329868778 5 0.003306638346500275 6 0.024643265784103887 7 0.00803818837847292 8 0.035988985009153866 9 0.0010922784691405434 10 0.01802897200939877 11 0.023233790204837085 12 0.036728614188048556 13 0.01789937138682411 14 0.013598393843099686 15 0.0031385704349040245 16 0.014890513496579669 17 0.007725710855870954 18 0.0024029034349490387 19 0.006261000958929706 20 0.018450867626449492 21 0.030762916665360795 22 0.014321368013033504 23 0.0076682808504380815 24 0.07443429599818713
25 120 0 0.08773535954942618 1 0.035685251840566964 2 0.04247076329500344 3 0.023748947193012748 4 0.0012363594908534848 5 0.030070528466154642 6 0.019516777491038192 7 0.02632719933474598 8 0.03211745585567019 9 0.026856753865146025 10 0.027915481945007876 11 0.00961040430550108 12 0.003477016267872573 13 0.01580048994138059 14 0.010359616446539575 15 0.010023550517258666 16 0.016471089726714575 17 0.0024868802187972593 18 0.002807567546684564 19 0.006435449673196527 20 0.046881597560072326 21 0.018948356946388308 22 0.007735386069907567 23 0.0018233789083944368 24 0.026792705453268405
25 121 0 0.00926254144980941 1 0.06344775018462351 2 0.013670914981416519 3 0.009076391967477827 4 0.0006375901020141248 5 0.016478848295645894 6 0.012139485181976191 7 0.01825693914516406 8 0.06967874315068429 9 0.009126946978907141 10 0.0032112145227773366 11 0.0033691488445004576 12 0.011639683607756359 13 0.044210895720318756 14 0.0026634234288729847 15 0.023986774496934975 16 0.0013981130173880934 17 0.05078691907073341 18 0.003386777707787794 19 0.00936254072409133 20 0.01599480266208503 21 0.0013785298662879187 22 0.009764161062434318 23 0.003245963623709392 24 0.0221782963479801
25 122 0 0.06081006434021181 1 0.05109936570735732 2 0.012158189793049846 3 0.0826147636552147 4 0.011598363527676292 5 0.022176249141613754 6 0.0035620072546525324 7 0.0023450785265489967 8 0.017437752190509335 9 0.024202361356355895 10 0.11072303219744525 11 0.029913596393171545 12 0.005418125644933193 13 0.0067519043113098845 14 0.014945704188701055 15 0.01051600146581362 16 0.0066951091258226425 17 0.10137967881821251 18 0.004323805159500581 19 0.004318287397679794 20 0.004651503996619709 21 0.006373731086387905 22 0.044772756004668984 23 0.10656709582814539 24 0.0004655797959126207
25 123 0 0.02549288264121688 1 0.011263479136066427 2 0.005951371720852483 3 0.009088072720781945 4 0.013046651745197658 5 0.002958836698169192 6 0.018986821434457086 7 0.008822537229863195 8 0.004913462530184079 9 0.011107737593038281 10 0.11140121322543241 11 0.017471295735731984 12 0.033153086471488485 13 0.07166729463108801 14 0.0066490611529895025 15 0.007384486105929386 16 0.0027669327037996277 17 0.003431650002240638 18 0.004261772501649944 19 0.010941887496916656 20 0.00043598151529125796 21 0.040292291786841475 22 0.020261137516257847 23 0.0007441909740275797 24 0.025853226037103553
25 124 0 0.0019296883629863553 1 0.006007531446380452 2 0.02773580241152978 3 0.02384084859152675 4 0.027905442974104067 5 0.008998442541091051 6 0.003478352568354891 7 0.03527159337031837 8 0.04052210435720256 9 0.0012925563025038824 10 0.027328035129933773 11 0.01420990244891696 12 0.005506749473426128 13 0.01875988952433939 14 0.021325898486623775 15 0.005178153680184381 16 0.00725857758737208 17 0.016765850799754203 18 0.028405719836034772 19 0.009666390130622765 20 6.936188589008544e-05 21 0.02312556935060825 22 0.04437873841351784 23 0.006079042498965059 24 0.052617805652190014
25 125 0 0.020344521694215172 1 0.0026691579236968947 2 0.1346502741953579 3 0.01315643659094702 4 0.01926910376564594 5 0.0007069935089843402 6 0.0016480273282497746 7 0.004256749190692495 8 0.0004448463329812174 9 0.011082219640870193 10 0.0010594107905663478 11 0.017953376422990112 12 0.008668371239638548 13 0.010950206754500069 14 0.0017973818189934419 15 0.0709008632245141 16 0.08142316355921934 17 0.01792302463328783 18 0.009545776724491414 19 0.0032464208834994306 20 0.018348363229005224 21 0.073906965334107 22 0.004597969594340689 23 0.01926129832279442 24 0.0218230172948819
25 126 0 0.03157171078987075 1 0.02184789900349663 2 0.00954104994900641 3 0.00857002339575674 4 0.0013925821366948968 5 0.01779700110258766 6 0.022496755647663638 7 0.0008277321094192547 8 0.07399741682544302 9 0.0006841633472016633 10 0.007402183324011832 11 0.009661177861269214 12 0.0015536655997269839 13 0.001320009424032191 14 0.025045400351038874 15 0.008158620944509906 16 0.07907755063631076 17 0.05533322568428476 18 0.00809346925466207 19 0.019494013264678357 20 0.03903539682602927 21 0.03771716219414531 22 0.010373125726731445 23 0.047523852608283575 24 0.030231519923301815
25 127 0 0.004449061599569915 1 0.01680921149591264 2 0.1020367783788899 3 0.012161061703362652 4 0.03737096639865263 5 0.05056048872053854 6 0.006012955752104132 7 0.01847033795290193 8 0.0024899460681538556 9 0.0036953773536336073 10 0.0010229414570041445 11 0.0007213809969976928 12 0.024021554517407697 13 0.020383150980143174 14 0.03797918356766529 15 0.009431590964333115 16 0.004555995214429739 17 0.01578477568501409 18 0.04639213514977186 19 0.030322479764575912 20 0.011130629297285644 21 0.00618857596716085 22 0.0008937509176036637 23 0.0019839850017289097 24 0.009730036446771324
25 128 0 0.022612882897013537 1 0.008816309360463442 2 0.0011668451134316474 3 0.004953230074213288 4 0.009163635316751965 5 0.004778014059437547 6 0.026854766980666543 7 0.039245417740468386 8 0.019421854765022485 9 0.011991196804036281 10 0.0025368626655457335 11 0.012768360371404955 12 0.0005220164285269838 13 0.036051953873962206 14 0.004583207626057339 15 0.00028789870946906425 16 0.01275205961171876 17 0.003180269557850945 18 0.06332626161313804 19 0.008268012283561587 20 0.015117059986391599 21 0.00653319350507263 22 0.005547047723234952 23 0.049123894911041834 24 0.020965041736396527
25 129 0 0.004143145445994882 1 0.0026005059356994866 2 0.014881400129861794 3 0.02477043445830809 4 0.005263873332045119 5 0.036205854314701 6 0.004946441501766612 7 0.010289815683293986 8 0.0664647109746586 9 0.03502169949115145 10 0.013522023378574511 11 0.010802976517640698 12 0.008712577557827459 13 0.0035275596127940126 14 0.015669474572817275 15 0.023932012329819445 16 0.018820990052556386 17 0.023813050681765993 18 0.01057090969987384 19 0.0009609391953444879 20 0.019041204578884814 21 0.010451107471734042 22 0.04515147436459806 23 0.005517837591728377 24 0.006519559483102342
25 130 0 0.02184580575679204 1 0.003021460319033223 2 0.028438479487410087 3 0.010823237835848478 4 0.011591016927764597 5 0.07216160216756294 6 0.003909512739868913 7 0.013137171362308266 8 0.03254749637081703 9 0.0033233585384161517 10 0.0009149139295948642 11 0.009617690597058677 12 0.01652374136935076 13 0.011462732495882162 14 0.025299202425427658 15 0.004558894382919338 16 0.02186298445186079 17 0.0314648891228944 18 0.014419319456471203 19 0.0015049763299607819 20 0.005371169676246386 21 0.020077560389789206 22 0.009333474744426756 23 0.00774888655346011 24 0.11609338455590766
25 131 0 0.002940432370305321 1 0.017934424694838726 2 0.006363495981191743 3 0.026751116601282356 4 0.0006445115006985669 5 0.00105625722515877 6 0.06004103500791712 7 0.030358850739822422 8 0.012900631346689046 9 0.0382541148242139 10 0.016921950271278165 11 0.06010465428131156 12 0.03201534611120842 13 0.0061868568614325435 14 0.026624528228698874 15 0.004288587922961395 16 0.007855165960131381 17 0.03768618921695153 18 0.0059553829721690444 19 0.0072381905470031566 20 0.0010268084927815154 21 0.010570165125101907 22 0.01290067181287014 23 0.006053570787620537 24 0.003220149464176242
25 132 0 0.00836688749297864 1 0.00028202376940982487 2 0.0006457764571761144 3 0.04039025836848844 4 0.00013718413082451 5 0.003618025543835027 6 0.040633217779399475 7 0.01636383570556592 8 0.02952486391534303 9 0.05159026387876417 10 0.04758953355927492 11 0.04840731776362667 12 0.009498306719783038 13 0.028369079504193425 14 0.005600754571984002 15 0.00341886200335561 16 0.01522534303320529 17 0.00648180707985634 18 0.00855940615116644 19 0.021252359417858222 20 0.008510368423070371 21 0.013887359187119884 22 0.03641687385401454 23 0.006993592538135124 24 0.007115151791916338
25 133 0 0.026196218048873843 1 0.04239595353686942 2 0.005058837235532534 3 0.020658583632533322 4 0.020225285411498373 5 0.011230364139784272 6 0.02629654900837248 7 0.022431486811915313 8 0.004191645529520862 9 0.0037167907250816087 10 0.016119543387470358 11 0.011498194922577564 12 0.02088214038189502 13 0.0033864870018906834 14 0.005312797607482307 15 0.009002237592416315 16 0.04506021866371317 17 0.019040454633338512 18 0.000915986982825628 19 0.007781919978780827 20 0.007449311890521954 21 0.00938932021442493 22 0.044846750935950114 23 0.00928678630346276 24 0.05045948241010815
25 134 0 0.006088732349419805 1 0.0038259584118433033 2 0.0010007864312650513 3 0.0324410329184277 4 0.001311285723400932 5 0.049319940875359194 6 0.060135347675135765 7 0.004902949606150426 8 0.025617380732666204 9 0.017615586795414872 10 0.000459917274796655 11 0.008311704914501832 12 0.008493639899556035 13 0.01128096116215958 14 0.023947048422589174 15 0.02995013004073239 16 0.0033065396005768823 17 0.001243631679444199 18 0.01715187000358018 19 0.0032908041857150666 20 0.011160794997904774 21 0.0070714412201212384 22 0.039303173799974375 23 0.007257998725649408 24 0.008939498930733038
25 135 0 0.008115575158770583 1 0.005042108032611061 2 0.027866902434123816 3 0.006617863902138953 4 0.004445712467671094 5 0.0012543437180471961 6 0.008468055749193402 7 0.012864228173875137 8 0.004821531570894707 9 0.009476007782891496 10 0.016952107536860602 11 0.005398593521545182 12 0.056916715771802705 13 0.036519858513084674 14 0.0009082993111491393 15 0.025429046598240718 16 0.019174623228774376 17 0.06457072063820504 18 0.05243043475133399 19 0.005142512715612093 20 0.005201933097811494 21 0.011800515980296725 22 0.01885764848316743 23 0.03178362360419115 24 0.04883324032268479
25 136 0 0.024359509363354945 1 0.015585302829106201 2 0.023553543164232145 3 0.05570332536353515 4 0.018391563714594873 5 0.0032469485560021184 6 0.002968995218594042 7 0.003937425073815973 8 0.03831289930546681 9 0.02667560619911289 10 0.0065517474992653 11 0.02236789292117293 12 0.05259399046279913 13 0.026965814704890127 14 0.02013016717812639 15 0.009571699089222032 16 0.012354035493970239 17 0.004278595991928432 18 0.04138359952540245 19 1.2506357549134592e-06 20 0.00047457245207741666 21 0.027358139760356028 22 0.00863485326720775 23 0.014541292088304516 24 0.07949245631940435
25 137 0 0.004040278982161113 1 0.03855054708290707 2 0.08012914196883887 3 0.03915671604226758 4 0.004954298683268894 5 0.005136812399362906 6 0.005446408171413784 7 0.015032514159829575 8 0.009425060070636355 9 0.0020701297511758958 10 0.005900769950401226 11 0.03250248598653948 12 0.030534360607476062 13 0.018714237264727193 14 0.04407564778917011 15 0.02942444040692806 16 0.03190501719853712 17 0.03738534744192952 18 0.00827880926432474 19 0.012133410436387394 20 0.001704728673115042 21 0.001706205735328041 22 0.0015859350271283327 23 0.023563233394954395 24 0.018853011022929803
25 138 0 0.04364359744669586 1 0.005585630305243671 2 0.0042435397638304765 3 0.0009939097491321713 4 0.01789541753014204 5 0.017508945020551742 6 0.008529764886995958 7 0.008066918679913571 8 0.007830628134314144 9 0.020740406233719685 10 0.0021339202090389863 11 0.007591324563171745 12 0.01538281281142619 13 0.016198326207794243 14 0.011994422525971698 15 0.01343273698668912 16 0.03475949375134782 17 0.0026505341949348256 18 0.001887966891893942 19 0.0010663380325324108 20 0.015832605980821042 21 0.025446760340118134 22 0.047267431416325965 23 0.007975087756247149 24 0.02021949394291167
25 139 0 0.0011645115738002137 1 0.004000244905969784 2 0.0030008933848898107 3 0.09476788505774505 4 0.008301780457964921 5 0.05916636643454148 6 0.0017843365920883708 7 0.052004378218345304 8 0.012505654564680281 9 0.005637906433391458 10 0.02098607559664378 11 0.052469553432996446 12 0.0032965201116039156 13 0.02398230563708857 14 0.014099983056262871 15 0.0013526896705203632 16 0.03636475461998852 17 0.013768478901662272 18 0.03541235089489363 19 0.0030198715199914227 20 0.037175520375314575 21 0.03452427270547411 22 0.10221046604669591 23 0.03447859392776812 24 0.04259584354350864
25 140 0 0.011940722457992787 1 0.0073302679473754 2 0.006426484570019078 3 0.014809118371935935 4 0.013658897552709272 5 0.009015165716364057 6 0.0015933820181267269 7 0.0041665222985874965 8 0.006773844767835382 9 0.06859950798039265 10 0.022163887306003265 11 0.019768909073219196 12 0.00689795637851241 13 0.005449510184221617 14 0.0636893723001743 15 0.004602762888016617 16 0.010002123856374777 17 0.002536991796022655 18 0.0013317096849264822 19 0.043532887411474534 20 0.0006917539946277984 21 0.011466147390942823 22 0.009358862462822228 23 0.011662923398167584 24 0.005274039566327785
25 141 0 0.038731100234271496 1 0.027950596150047215 2 0.0007446850296512484 3 0.033491220447505576 4 0.014599938818032678 5 0.012716094502239036 6 0.05605245590095904 7 0.005075683978919965 8 0.029894208121341057 9 0.014582069707183048 10 0.009421447551944408 11 0.008370874373714157 12 0.018620343736921955 13 0.002951831973750419 14 0.030677277388275557 15 0.018330282042180693 16 0.01599831745074463 17 0.04048987540278103 18 0.004832391379286123 19 0.00923621556891588 20 0.03637504422564948 21 0.001511909191479465 22 0.011218935688550471 23 0.049127387444704136 24 0.005391913392855721
25 142 0 0.017833634364941835 1 0.028073316226582927 2 0.04095039072836735 3 0.0009853609345444759 4 0.006762113494108979 5 0.03909314019717333 6 0.009744009292750815 7 0.0034582228537302214 8 0.01850676832973042 9 0.013144523181374506 10 0.009255786551880222 11 0.06847894055065218 12 0.006136484448005942 13 0.01654825030440826 14 0.030328037960818375 15 0.0278071388325494 16 0.020496332760742596 17 0.004325206750462698 18 0.04241808084409247 19 0.004210918067008031 20 0.0010202214347402225 21 0.004844201024274518 22 0.005089890007341062 23 0.047589783104597896 24 0.00785464166093486
25 143 0 0.010380458978255262 1 0.00523488427559917 2 0.04884325860393756 3 0.019484987023637008 4 0.04844559889525373 5 0.00187303197159204 6 0.020374327426028557 7 0.049832278022375734 8 0.05446925598510695 9 0.011636069911346724 10 0.04658259961262761 11 0.014163462743067156 12 0.00017148005012521572 13 0.0374727584300431 14 0.011142745239234218 15 0.01617336245670464 16 0.10851135191820724 17 0.001771920226037563 18 0.07393264580461388 19 0.01976802849744379 20 0.0067244664863077876 21 0.04142345985250793 22 0.041350704124462095 23 0.04637652336503912 24 0.005612184490250111
25 144 0 0.011103502687276882 1 0.011036981229293728 2 0.026874322218400887 3 0.023943210694137945 4 0.010972781789771157 5 0.039413418983619185 6 0.025240020884338594 7 0.001328607532687586 8 0.013969790254530103 9 0.014137515358127855 10 0.0009752869568113942 11 0.010446815103475287 12 0.01312985105940797 13 0.02613198644977756 14 0.03294714513303662 15 0.006335988261731011 16 0.03970148879927572 17 7.233878233800677e-05 18 0.028904889581272877 19 0.0012749059303068138 20 0.05271232412074814 21 0.01262572933650516 22 0.02143371507711392 23 0.028133878657536648 24 0.0028254105151678376
25 145 0 0.002084516075349511 1 0.0027229402558191606 2 0.013988760760046067 3 0.03169101860354491 4 0.0038276861204871995 5 0.0031248325484872935 6 0.033240156595865857 7 0.05304156645499039 8 0.005894646567302694 9 0.01420817542756594 10 0.016803292102674564 11 0.020428877618057645 12 0.009460572862662574 13 0.006719974392508087 14 0.00395066671406845 15 0.06635942818256738 16 0.0044164939283482295 17 0.0075465994604339845 18 0.09650990503899148 19 0.03747534456979021 20 0.013173840382919931 21 0.006362574015048947 22 0.003253866048345627 23 0.015819896718179946 24 0.01424572236233856
25 146 0 0.005934627188005297 1 0.03574534774275721 2 0.011705665678889239 3 0.00048000180020576615 4 0.007369415411331848 5 0.0019472957628832628 6 0.0690261537685169 7 0.02105940382202136 8 0.004971030204767585 9 0.0031524190234650112 10 0.013302867207708768 11 0.01769380103285435 12 0.004669228912585662 13 0.03561774751502316 14 0.03188919437571086 15 0.03644392394508481 16 0.011547679751402747 17 0.009835392996790303 18 0.019044228741486098 19 0.0057206174113549725 20 0.02441533145339311 21 0.0013978217266611074 22 0.01841467960180798 23 0.005419825950895807 24 0.054875022301008845
25 147 0 0.050464342464615466 1 0.011072858978215002 2 0.011087315007734126 3 0.004497472789223647 4 0.00331754030390186 5 0.013573943261461661 6 0.01072666449050936 7 0.03275434758720299 8 0.051347832771766425 9 0.005829889267909143 10 0.01927424432336714 11 0.04580137518952681 12 0.00640962094720545 13 0.0028195449833496966 14 0.06301813552972081 15 0.010158197561574414 16 0.046777352116698784 17 0.018044756346151828 18 0.0011628184239387115 19 0.014308738898003085 20 0.003316971413937283 21 0.025174293482111282 22 0.0014845903324509587 23 0.0013346661980536837 24 0.005560939253079052
25 148 0 0.0016182344937940149 1 0.0007769095723577934 2 0.059523264873086124 3 0.07187286595757074 4 0.01244973346727643 5 0.048970409622000374 6 0.007276040926792316 7 0.06191187646069533 8 0.006268823472358242 9 0.048612351916770165 10 0.007873156820011084 11 0.0005461720162407389 12 0.031782810948542906 13 0.017959006016100367 14 0.024086567848485476 15 0.041193485810262935 16 0.008156660449007928 17 0.006749943762164331 18 0.0015701324626315166 19 0.008023888682146799 20 0.016250966678710253 21 0.012439344659712047 22 0.029013601191367172 23 0.012350630581281956 24 0.001399811602116309
25 149 0 0.05065719709326719 1 0.0486107500820448 2 0.027309080745070147 3 0.03492510601570929 4 0.00017784797524003057 5 0.008509305069336684 6 0.014173920974423233 7 0.0433490952493654 8 0.023277071792128966 9 0.023590707899171073 10 0.0026855960449459954 11 0.0005403162010139031 12 0.007775291598940023 13 0.009892207838826517 14 0.0004235935909281465 15 0.0038955939345825573 16 0.025208532964696113 17 0.02215299379334813 18 0.05998954840333853 19 0.014267885899056885 20 0.02881895882495684 21 0.0029935286881955687 22 0.015819186805759347 23 0.018650871930367435 24 0.0031182739569862233
25 150 0 0.038800755718374554 1 0.0793921402464499 2 0.012683240135317636 3 0.007286050081266653 4 0.0018982031576636994 5 0.025584860043533175 6 0.0005758634135145235 7 0.0057076309254604765 8 0.06610904233870929 9 0.010928427340371201 10 0.017529487925420487 11 0.031792003282702694 12 0.0009382632249721103 13 0.012728507967306148 14 0.004010092910251874 15 0.006631142761779974 16 0.041263740332952936 17 0.008565587106267078 18 0.017882731157525592 19 0.003689518838597 20 0.03429304647067705 21 0.029217244756769154 22 0.013800376260239498 23 0.008265560922636923 24 0.024336846411014152
