0 0.00445434298441 0.0155902004454 0.0712694877506 0.122494432071 0.0378619153675 0.0022271714922 0.0178173719376 0.00668151447661 0.0311804008909 0.0133630289532 0.0022271714922 0.0178173719376 0.280623608018 0.00445434298441 0.0957683741648 0.0200445434298 0.00445434298441 0.126948775056 0.0022271714922 0.0556792873051 0.022271714922 0.011135857461 0.00445434298441 0.0155902004454 0.0133630289532
1 0.00857142857143 0.00571428571429 0.0685714285714 0.168571428571 0.0457142857143 0.00285714285714 0.0457142857143 0.0285714285714 0.0342857142857 0.0885714285714 0.00571428571429 0.0828571428571 0.0342857142857 0.0114285714286 0.0742857142857 0.00285714285714 0.00285714285714 0.0314285714286 0.00571428571429 0.0742857142857 0.0828571428571 0.04 0.00285714285714 0.02 0.0314285714286
2 0.00617283950617 0.00617283950617 0.033950617284 0.172839506173 0.0648148148148 0.00308641975309 0.00617283950617 0.0586419753086 0.00925925925926 0.0493827160494 0.0123456790123 0.0185185185185 0.104938271605 0.00308641975309 0.0277777777778 0.00308641975309 0.00617283950617 0.320987654321 0.00308641975309 0.00925925925926 0.0185185185185 0.0277777777778 0.00925925925926 0.00308641975309 0.0216049382716
3 0.0126448893572 0.0147523709168 0.04531085353 0.142255005269 0.04531085353 0.00105374077977 0.0653319283456 0.0368809272919 0.0242360379347 0.0252897787144 0.00210748155954 0.0663856691254 0.0653319283456 0.00210748155954 0.160168598525 0.00632244467861 0.013698630137 0.0326659641728 0.0031612223393 0.0221285563751 0.072708113804 0.0284510010537 0.0115911485774 0.0495258166491 0.0505795574289
4 0.0118613138686 0.0337591240876 0.0866788321168 0.0278284671533 0.0301094890511 0.000912408759124 0.172445255474 0.0305656934307 0.0200729927007 0.0196167883212 0.00136861313869 0.0100364963504 0.25045620438 0.00273722627737 0.0866788321168 0.0150547445255 0.0328467153285 0.0164233576642 0.00319343065693 0.0488138686131 0.0378649635036 0.0214416058394 0.00182481751825 0.0314781021898 0.00593065693431
5 0.00729217306757 0.00729217306757 0.0544482255712 0.0461837627613 0.118133203695 0.000486144871172 0.0252795333009 0.0155566358775 0.00729217306757 0.0218765192027 0.000972289742343 0.0155566358775 0.260573650948 0.00291686922703 0.0602819640253 0.0486144871172 0.00486144871172 0.0836169178415 0.000972289742343 0.0267379679144 0.138065143413 0.0238210986874 0.00486144871172 0.0179873602333 0.00631988332523
6 0.00163666121113 0.0174577195854 0.0218221494817 0.0327332242226 0.00218221494817 0.000545553737043 0.0141843971631 0.00872885979269 0.0076377523186 0.0158210583742 0.0038188761593 0.0600109110747 0.147299509002 0.000545553737043 0.182760501909 0.0169121658483 0.0103655210038 0.0267321331151 0.00218221494817 0.0207310420076 0.0360065466448 0.0589198036007 0.22695035461 0.0594653573377 0.0245499181669
7 0.0245559038662 0.0167189132706 0.100313479624 0.0323928944619 0.0538140020899 0.00104493207941 0.0240334378265 0.0224660397074 0.030303030303 0.012539184953 0.00626959247649 0.0240334378265 0.145245559039 0.0156739811912 0.0532915360502 0.145768025078 0.0208986415883 0.0485893416928 0.00888192267503 0.0282131661442 0.0757575757576 0.0229885057471 0.00365726227795 0.0574712643678 0.025078369906
8 0.00544824170381 0.00693412580485 0.117880138683 0.0232788509163 0.0104011887073 0.000495294700347 0.012877662209 0.00792471520555 0.0723130262506 0.0406141654284 0.00544824170381 0.0183259039128 0.324913323427 0.0108964834076 0.0579494799406 0.0861812778603 0.00594353640416 0.0143635463101 0.00297176820208 0.00346706290243 0.0331847449232 0.0232788509163 0.000495294700347 0.0217929668153 0.0926201089648
9 0.0154475238528 0.0413448432531 0.107223989096 0.0354384370741 0.0109041344843 0.000908677873694 0.0790549750114 0.00272603362108 0.0281690140845 0.0140845070423 0.00136301681054 0.0349840981372 0.0495229441163 0.0131758291686 0.0990458882326 0.0068150840527 0.032712403453 0.0690595184007 0.000908677873694 0.0231712857792 0.0554293502953 0.0304407087687 0.106769650159 0.026805997274 0.114493412085
10 0.0118343195266 0.00591715976331 0.0502958579882 0.0917159763314 0.0236686390533 0.00295857988166 0.00295857988166 0.0177514792899 0.0532544378698 0.0207100591716 0.00295857988166 0.0710059171598 0.0414201183432 0.00591715976331 0.0650887573964 0.00295857988166 0.085798816568 0.278106508876 0.0295857988166 0.00887573964497 0.0502958579882 0.0236686390533 0.00591715976331 0.0236686390533 0.0236686390533
11 0.0532081377152 0.00208659363589 0.1220657277 0.11163275952 0.0537297861242 0.000521648408972 0.0177360459051 0.0318205529473 0.00886802295253 0.0208659363589 0.00156494522692 0.0594679186228 0.0365153886281 0.00730307772561 0.0662493479395 0.00260824204486 0.0479916536255 0.0766823161189 0.00365153886281 0.0271257172666 0.0876369327074 0.0511215440793 0.00521648408972 0.0396452790819 0.0646844027126
12 0.0532319391635 0.00380228136882 0.06463878327 0.171102661597 0.0608365019011 0.00380228136882 0.0874524714829 0.0114068441065 0.0608365019011 0.0190114068441 0.00760456273764 0.0342205323194 0.114068441065 0.00380228136882 0.0532319391635 0.00380228136882 0.00380228136882 0.133079847909 0.00380228136882 0.0190114068441 0.0114068441065 0.0266159695817 0.00760456273764 0.00380228136882 0.0380228136882
13 0.0287356321839 0.0114942528736 0.125478927203 0.0431034482759 0.0249042145594 0.00383141762452 0.051724137931 0.0153256704981 0.0699233716475 0.022030651341 0.00287356321839 0.02969348659 0.0785440613027 0.0134099616858 0.111111111111 0.0747126436782 0.0239463601533 0.0775862068966 0.0114942528736 0.0124521072797 0.0775862068966 0.0191570881226 0.00574712643678 0.0181992337165 0.0469348659004
14 0.0262773722628 0.0043795620438 0.0963503649635 0.0905109489051 0.0102189781022 0.0014598540146 0.021897810219 0.0233576642336 0.0992700729927 0.0102189781022 0.0029197080292 0.0350364963504 0.0262773722628 0.00729927007299 0.113868613139 0.00729927007299 0.0175182481752 0.0510948905109 0.0029197080292 0.0335766423358 0.255474452555 0.00583941605839 0.00875912408759 0.0277372262774 0.0204379562044
15 0.0168650793651 0.0213293650794 0.0372023809524 0.015873015873 0.00843253968254 0.000496031746032 0.0570436507937 0.00793650793651 0.188492063492 0.00843253968254 0.000496031746032 0.00744047619048 0.0639880952381 0.0133928571429 0.237103174603 0.138888888889 0.0014880952381 0.0178571428571 0.00248015873016 0.0451388888889 0.0396825396825 0.00545634920635 0.0213293650794 0.0367063492063 0.00644841269841
16 0.00814566363201 0.0388116914231 0.120747484427 0.0225203641591 0.0153330138955 0.000479156684236 0.0215620507906 0.00287494010541 0.0277910876857 0.110206037374 0.00574988021083 0.0642069956876 0.0828941063728 0.0134163871586 0.0843315764255 0.0982271202683 0.0119789171059 0.0067081935793 0.00431241015812 0.0167704839483 0.0565404887398 0.0220412074748 0.00622903689506 0.0316243411596 0.126497364638
17 0.00246062992126 0.0413385826772 0.054625984252 0.058562992126 0.00246062992126 0.00196850393701 0.0127952755906 0.00344488188976 0.0162401574803 0.0152559055118 0.0132874015748 0.105807086614 0.0457677165354 0.00344488188976 0.0757874015748 0.0147637795276 0.00688976377953 0.00639763779528 0.00492125984252 0.0236220472441 0.0157480314961 0.0329724409449 0.352362204724 0.0364173228346 0.052657480315
18 0.0314960629921 0.010498687664 0.175853018373 0.0682414698163 0.0131233595801 0.00787401574803 0.010498687664 0.0419947506562 0.0367454068241 0.0157480314961 0.00524934383202 0.0787401574803 0.0393700787402 0.0341207349081 0.0682414698163 0.0551181102362 0.00787401574803 0.0157480314961 0.0131233595801 0.0262467191601 0.0997375328084 0.00524934383202 0.010498687664 0.0367454068241 0.0918635170604
19 0.010781671159 0.00943396226415 0.118598382749 0.0741239892183 0.0188679245283 0.00134770889488 0.0256064690027 0.00673854447439 0.0592991913747 0.0458221024259 0.0660377358491 0.0323450134771 0.0876010781671 0.0175202156334 0.0404312668464 0.0579514824798 0.0175202156334 0.00808625336927 0.00269541778976 0.00943396226415 0.0202156334232 0.0121293800539 0.00269541778976 0.00943396226415 0.245283018868
20 0.0114285714286 0.04 0.0685714285714 0.0171428571429 0.00571428571429 0.00571428571429 0.0228571428571 0.0171428571429 0.0171428571429 0.0228571428571 0.00571428571429 0.0285714285714 0.0742857142857 0.0114285714286 0.102857142857 0.0857142857143 0.00571428571429 0.0628571428571 0.0114285714286 0.0457142857143 0.08 0.0342857142857 0.0857142857143 0.0114285714286 0.125714285714
21 0.0274036228518 0.0078959591268 0.167208546215 0.0278680910358 0.0849976776591 0.000464468183929 0.0250812819322 0.0213655364608 0.0176497909893 0.0993961913609 0.00278680910358 0.045982350209 0.0682768230376 0.00139340455179 0.0715281003251 0.00603808639108 0.0153274500697 0.0436600092894 0.00418021365536 0.0357640501626 0.111472364143 0.058987459359 0.00232234091965 0.0390153274501 0.0139340455179
22 0.00987166831194 0.00888450148075 0.211253701876 0.0542941757157 0.0552813425469 0.000987166831194 0.0177690029615 0.0276406712734 0.0858835143139 0.0138203356367 0.00296150049358 0.0463968410661 0.0602171767029 0.00394866732478 0.155972359329 0.00493583415597 0.0207305034551 0.0108588351431 0.00592300098717 0.0335636722606 0.0621915103653 0.0207305034551 0.00197433366239 0.0612043435341 0.0227048371175
23 0.0076786769049 0.00945067926757 0.0454813939752 0.0407560543414 0.0466627288836 0.00118133490845 0.0141760189014 0.0177200236267 0.0165386887183 0.147076196102 0.00413467217956 0.0578854105139 0.278795038393 0.00886001181335 0.0525694034259 0.0691080921441 0.0248080330774 0.0425280567041 0.00295333727112 0.00826934435913 0.0230360307147 0.0135853514471 0.0124040165387 0.0118133490845 0.0425280567041
24 0.00435203094778 0.0207930367505 0.0207930367505 0.0411025145068 0.00435203094778 0.000967117988395 0.0111218568665 0.00676982591876 0.0130560928433 0.0425531914894 0.00145067698259 0.0406189555126 0.487427466151 0.00386847195358 0.125725338491 0.00676982591876 0.0101547388781 0.0304642166344 0.00145067698259 0.0120889748549 0.0125725338491 0.0174081237911 0.0217601547389 0.0101547388781 0.0522243713733
25 0.0361097737121 0.0269619643717 0.0616273471353 0.145883485797 0.0669234472797 0.000481463649494 0.0197400096293 0.0414058738565 0.0110736639384 0.0943668753009 0.000481463649494 0.086663456909 0.0351468464131 0.00529610014444 0.0635532017333 0.00240731824747 0.046701974001 0.0606644198363 0.00385170919596 0.0312951372171 0.0563312469909 0.0288878189697 0.00240731824747 0.044776119403 0.0269619643717
26 0.0645454545455 0.0181818181818 0.0222727272727 0.0722727272727 0.0918181818182 0.000454545454545 0.02 0.0404545454545 0.015 0.0181818181818 0.00181818181818 0.0354545454545 0.0477272727273 0.00272727272727 0.125909090909 0.00318181818182 0.04 0.0259090909091 0.00181818181818 0.0240909090909 0.252727272727 0.0236363636364 0.00227272727273 0.0322727272727 0.0172727272727
27 0.0283653846154 0.00865384615385 0.0711538461538 0.00913461538462 0.00817307692308 0.00240384615385 0.0120192307692 0.0182692307692 0.370192307692 0.00721153846154 0.00769230769231 0.0100961538462 0.0317307692308 0.0149038461538 0.103846153846 0.0360576923077 0.0221153846154 0.000961538461538 0.0153846153846 0.0639423076923 0.0576923076923 0.00576923076923 0.00240384615385 0.0144230769231 0.0774038461538
28 0.0371835443038 0.00791139240506 0.0324367088608 0.191455696203 0.0213607594937 0.000791139240506 0.0189873417722 0.0427215189873 0.00949367088608 0.0458860759494 0.00237341772152 0.112341772152 0.0427215189873 0.00474683544304 0.0371835443038 0.00632911392405 0.0284810126582 0.131329113924 0.00316455696203 0.0166139240506 0.0245253164557 0.0253164556962 0.00632911392405 0.0253164556962 0.125
29 0.0845347313237 0.00982961992136 0.199213630406 0.0583224115334 0.0773263433814 0.000655307994758 0.0183486238532 0.0196592398427 0.043250327654 0.0229357798165 0.0045871559633 0.0399737876802 0.0281782437746 0.00131061598952 0.106159895151 0.00393184796855 0.0268676277851 0.0373525557012 0.00262123197903 0.045871559633 0.0884665792923 0.00655307994758 0.00196592398427 0.0353866317169 0.0366972477064
30 0.0221914008322 0.0046232085067 0.115580212668 0.0245030050855 0.0110957004161 0.00046232085067 0.0184928340268 0.00554785020804 0.044845122515 0.0540915395284 0.0184928340268 0.0161812297735 0.217753120666 0.00601017105871 0.0961627369394 0.118354137772 0.00508552935737 0.0046232085067 0.00277392510402 0.0110957004161 0.0439204808137 0.0106333795654 0.00184928340268 0.0212667591308 0.12436430883
31 0.0113744075829 0.0127962085308 0.021327014218 0.036018957346 0.00568720379147 0.00189573459716 0.00995260663507 0.00189573459716 0.0184834123223 0.0260663507109 0.00568720379147 0.0113744075829 0.388625592417 0.00521327014218 0.239336492891 0.0559241706161 0.0123222748815 0.0137440758294 0.0042654028436 0.0104265402844 0.0274881516588 0.0127962085308 0.014691943128 0.0165876777251 0.036018957346
32 0.0136563876652 0.000440528634361 0.0339207048458 0.0339207048458 0.00484581497797 0.00132158590308 0.0132158590308 0.00220264317181 0.0198237885463 0.0211453744493 0.0101321585903 0.0361233480176 0.262995594714 0.00484581497797 0.0224669603524 0.108810572687 0.00176211453744 0.0422907488987 0.00220264317181 0.00176211453744 0.0127753303965 0.0171806167401 0.00660792951542 0.0123348017621 0.313215859031
33 0.0239300506213 0.00506212609296 0.0685687988955 0.0266912103083 0.00506212609296 0.000460193281178 0.0234698573401 0.00184077312471 0.0911182696733 0.0239300506213 0.0119650253106 0.0239300506213 0.228255867464 0.00690289921767 0.0492406810861 0.10952600092 0.00690289921767 0.0239300506213 0.00138057984353 0.00782328578003 0.0230096640589 0.0230096640589 0.00368154624942 0.0147261849977 0.195582144501
34 0.0352941176471 0.0117647058824 0.176470588235 0.0529411764706 0.0294117647059 0.00588235294118 0.0235294117647 0.0176470588235 0.0470588235294 0.0117647058824 0.00588235294118 0.0529411764706 0.0176470588235 0.0235294117647 0.182352941176 0.0117647058824 0.00588235294118 0.0294117647059 0.00588235294118 0.0352941176471 0.129411764706 0.00588235294118 0.00588235294118 0.0235294117647 0.0529411764706
35 0.0254010695187 0.0316399286988 0.0846702317291 0.057486631016 0.0329768270945 0.000445632798574 0.0499108734403 0.0432263814617 0.0106951871658 0.0646167557932 0.000891265597148 0.0779857397504 0.0623885918004 0.00401069518717 0.103386809269 0.00802139037433 0.0623885918004 0.041889483066 0.00668449197861 0.0432263814617 0.0748663101604 0.0374331550802 0.00534759358289 0.041889483066 0.0285204991087
36 0.0248447204969 0.00496894409938 0.123602484472 0.100621118012 0.011801242236 0.000621118012422 0.0291925465839 0.0229813664596 0.0403726708075 0.0577639751553 0.00186335403727 0.0335403726708 0.163354037267 0.00372670807453 0.0465838509317 0.0105590062112 0.0155279503106 0.0354037267081 0.00124223602484 0.0453416149068 0.0658385093168 0.0689440993789 0.00310559006211 0.0503105590062 0.0378881987578
37 0.0371517027864 0.0185758513932 0.0340557275542 0.204334365325 0.0185758513932 0.0030959752322 0.0030959752322 0.0123839009288 0.015479876161 0.0247678018576 0.0030959752322 0.046439628483 0.0835913312693 0.0061919504644 0.108359133127 0.0030959752322 0.00928792569659 0.0928792569659 0.0061919504644 0.0433436532508 0.046439628483 0.0402476780186 0.030959752322 0.0278637770898 0.0804953560372
38 0.0383356708742 0.0070126227209 0.194950911641 0.026180458158 0.052360916316 0.000935016362786 0.0345956054231 0.0378681626928 0.015427769986 0.0215053763441 0.00280504908836 0.0374006545115 0.0374006545115 0.0238429172511 0.054698457223 0.00935016362786 0.213183730715 0.0168302945302 0.000935016362786 0.0350631136045 0.041608228144 0.00981767180926 0.000935016362786 0.0537634408602 0.0331930808789
39 0.0293398533007 0.00244498777506 0.0537897310513 0.152811735941 0.018337408313 0.00122249388753 0.0256723716381 0.0403422982885 0.184596577017 0.0513447432763 0.00122249388753 0.0244498777506 0.039119804401 0.00244498777506 0.112469437653 0.00244498777506 0.0158924205379 0.018337408313 0.00366748166259 0.0647921760391 0.116136919315 0.00855745721271 0.00244498777506 0.00855745721271 0.0195599022005
40 0.0181905217808 0.00430828147439 0.0598372426999 0.0339875538535 0.0114887505984 0.0019147917664 0.0138822403064 0.01196744854 0.0368597415031 0.0330301579703 0.00622307324079 0.0282431785543 0.139779798947 0.014360938248 0.123025370991 0.234561991383 0.0282431785543 0.0114887505984 0.00430828147439 0.00861656294878 0.0248922929631 0.0248922929631 0.0019147917664 0.019147917664 0.10483484921
41 0.020037278658 0.0158434296365 0.0554520037279 0.0452003727866 0.108574091333 0.000465983224604 0.0414725069897 0.102516309413 0.00698974836906 0.0181733457596 0.000931966449208 0.0862068965517 0.0340167753961 0.00232991612302 0.074091332712 0.00605778191985 0.0260950605778 0.0820130475303 0.00279589934762 0.024697110904 0.14678471575 0.0302889095993 0.00372786579683 0.0335507921715 0.0316868592731
42 0.018009478673 0.00331753554502 0.0331753554502 0.148815165877 0.021327014218 0.000473933649289 0.0203791469194 0.0189573459716 0.00995260663507 0.0957345971564 0.00236966824645 0.237440758294 0.0559241706161 0.000947867298578 0.0454976303318 0.00284360189573 0.0274881516588 0.00710900473934 0.00236966824645 0.0350710900474 0.0417061611374 0.0402843601896 0.00284360189573 0.0464454976303 0.0815165876777
43 0.0173869846001 0.023348236463 0.103328365623 0.168405365127 0.0153999006458 0.000496770988574 0.030303030303 0.0139095876801 0.0139095876801 0.0387481371088 0.000496770988574 0.104321907601 0.109289617486 0.0124192747144 0.053651266766 0.00248385494287 0.0372578241431 0.0357675111773 0.000993541977149 0.0188772975658 0.0447093889717 0.016393442623 0.00397416790859 0.0248385494287 0.109289617486
44 0.00488102501525 0.00427089688835 0.0463697376449 0.167175106772 0.0109823062843 0.000610128126907 0.0103721781574 0.019524100061 0.0335570469799 0.0634533251983 0.00366076876144 0.165954850519 0.0518608907871 0.00366076876144 0.10250152532 0.00549115314216 0.0372178157413 0.106772422209 0.00183038438072 0.0158633312996 0.0622330689445 0.0115924344112 0.00671140939597 0.0103721781574 0.0530811470409
45 0.00754361150401 0.020744931636 0.0631777463461 0.109382366808 0.036775106082 0.000942951438001 0.022630834512 0.017916077322 0.03771805752 0.032060348892 0.002828854314 0.0551626591231 0.036303630363 0.004243281471 0.149457802923 0.00565770862801 0.0942951438001 0.0820367751061 0.004243281471 0.030174446016 0.0980669495521 0.016030174446 0.001885902876 0.029702970297 0.041018387553
46 0.00293255131965 0.0190615835777 0.0117302052786 0.16495601173 0.00513196480938 0.00146627565982 0.0190615835777 0.00806451612903 0.00953079178886 0.0109970674487 0.00293255131965 0.00953079178886 0.138563049853 0.00293255131965 0.0872434017595 0.0102639296188 0.0109970674487 0.0513196480938 0.00219941348974 0.00733137829912 0.0183284457478 0.00733137829912 0.370234604106 0.0153958944282 0.0124633431085
47 0.0161290322581 0.011385199241 0.11954459203 0.200189753321 0.0445920303605 0.000948766603416 0.00474383301708 0.00569259962049 0.0550284629981 0.0521821631879 0.000948766603416 0.0550284629981 0.0474383301708 0.000948766603416 0.110056925996 0.00569259962049 0.0303605313093 0.0721062618596 0.00284629981025 0.0151802656546 0.050284629981 0.0208728652751 0.00284629981025 0.0370018975332 0.0379506641366
48 0.0134099616858 0.00670498084291 0.0378352490421 0.0244252873563 0.014846743295 0.00095785440613 0.0431034482759 0.0110153256705 0.0114942528736 0.0474137931034 0.00287356321839 0.0196360153257 0.263888888889 0.00909961685824 0.113505747126 0.10153256705 0.0186781609195 0.0818965517241 0.00095785440613 0.0100574712644 0.0316091954023 0.0196360153257 0.00622605363985 0.0359195402299 0.073275862069
49 0.0131103074141 0.0108499095841 0.0741410488246 0.219258589512 0.0302893309222 0.000452079566004 0.0248643761302 0.0284810126582 0.0556057866184 0.0316455696203 0.00135623869801 0.0691681735986 0.0845388788427 0.00180831826401 0.0646473779385 0.00678119349005 0.0180831826401 0.0248643761302 0.00316455696203 0.0348101265823 0.0637432188065 0.0334538878843 0.00904159132007 0.0479204339964 0.0479204339964
50 0.0226975120035 0.00480139676997 0.0894805761676 0.0449585333915 0.013531209079 0.00130947184636 0.0218245307726 0.0240069838498 0.0419030990834 0.141859450022 0.00654735923178 0.0379746835443 0.151462243562 0.00436490615452 0.100392841554 0.00567437800087 0.0410301178525 0.0226975120035 0.00174596246181 0.0628546486251 0.0432125709297 0.0611086861632 0.00261894369271 0.0226975120035 0.0292448712353
51 0.00813008130081 0.00271002710027 0.0578139114724 0.0998193315266 0.0103884372177 0.00135501355014 0.0293586269196 0.0117434507678 0.0112917795845 0.0144534778681 0.000903342366757 0.0460704607046 0.136856368564 0.0225835591689 0.037037037037 0.145889792231 0.0677506775068 0.0126467931346 0.00271002710027 0.00813008130081 0.0343270099368 0.016711833785 0.00361336946703 0.0185185185185 0.19918699187
52 0.00340136054422 0.0102040816327 0.0952380952381 0.112244897959 0.0204081632653 0.00340136054422 0.00340136054422 0.0238095238095 0.200680272109 0.0612244897959 0.00340136054422 0.047619047619 0.0816326530612 0.00680272108844 0.0952380952381 0.00680272108844 0.00340136054422 0.0408163265306 0.00340136054422 0.0102040816327 0.0612244897959 0.00340136054422 0.00340136054422 0.00340136054422 0.0952380952381
53 0.0601374570447 0.0085910652921 0.0584192439863 0.121993127148 0.0360824742268 0.00171821305842 0.0103092783505 0.111683848797 0.0601374570447 0.053264604811 0.00343642611684 0.0773195876289 0.0257731958763 0.00515463917526 0.0652920962199 0.0137457044674 0.0154639175258 0.0567010309278 0.0120274914089 0.0189003436426 0.0996563573883 0.0085910652921 0.0103092783505 0.0120274914089 0.053264604811
54 0.0139263252471 0.00179694519317 0.104672057502 0.0215633423181 0.0130278526505 0.000898472596586 0.0157232704403 0.000449236298293 0.0678346810422 0.0229110512129 0.112758310872 0.0179694519317 0.289757412399 0.0062893081761 0.0341419586703 0.0938903863432 0.0116801437556 0.0305480682839 0.000898472596586 0.00898472596586 0.0130278526505 0.0157232704403 0.00269541778976 0.00943396226415 0.0893980233603
55 0.046568627451 0.00245098039216 0.0490196078431 0.21568627451 0.0367647058824 0.00245098039216 0.00735294117647 0.00980392156863 0.0490196078431 0.0514705882353 0.00490196078431 0.151960784314 0.031862745098 0.00490196078431 0.0539215686275 0.00735294117647 0.0416666666667 0.0490196078431 0.00245098039216 0.0122549019608 0.0637254901961 0.0392156862745 0.00245098039216 0.0269607843137 0.0367647058824
56 0.0058852378617 0.00539480137322 0.0387444825895 0.0142226581658 0.00637567435017 0.0147130946542 0.0161844041197 0.0019617459539 0.0078469838156 0.00490436488475 0.0039234919078 0.0225600784698 0.0652280529671 0.255026974007 0.197155468367 0.134870034331 0.0274644433546 0.0225600784698 0.00539480137322 0.0240313879353 0.0181461500736 0.0107896027464 0.00637567435017 0.0353114271702 0.0549288867092
57 0.108954565505 0.0326422584914 0.187913542126 0.0185266872519 0.0119100132333 0.000441111601235 0.014997794442 0.00352889280988 0.0185266872519 0.00794000882223 0.00088222320247 0.101014556683 0.0361711513013 0.0185266872519 0.129686810763 0.0114689016321 0.0255844728716 0.0260255844729 0.00397000441112 0.0383767093075 0.108513453904 0.0238200264667 0.00264666960741 0.0269078076753 0.0410233789149
58 0.0019147917664 0.0210627094303 0.164193393968 0.0516993776927 0.0660603159406 0.000478697941599 0.0339875538535 0.00861656294878 0.014360938248 0.0426041168023 0.000957395883198 0.0272857826711 0.123504068933 0.00670177118238 0.0684538056486 0.0110100526568 0.0134035423648 0.067975107707 0.00239348970799 0.0363810435615 0.0521780756343 0.0201053135472 0.0435615126855 0.0339875538535 0.087123025371
59 0.0248962655602 0.00414937759336 0.0331950207469 0.186721991701 0.0207468879668 0.00414937759336 0.0290456431535 0.0290456431535 0.0746887966805 0.0248962655602 0.00414937759336 0.0871369294606 0.0539419087137 0.00829875518672 0.0539419087137 0.00414937759336 0.00414937759336 0.0373443983402 0.0165975103734 0.045643153527 0.157676348548 0.0165975103734 0.0124481327801 0.0497925311203 0.0165975103734
60 0.0215475024486 0.0156709108717 0.0646425073457 0.0269343780607 0.00587659157689 0.000979431929481 0.0230166503428 0.0186092066601 0.146425073457 0.0347698334966 0.00734573947111 0.0759059745348 0.114103819785 0.0215475024486 0.0881488736533 0.077375122429 0.00440744368266 0.00636630754163 0.0293829578844 0.0230166503428 0.0651322233105 0.0205680705191 0.00293829578844 0.0274240940255 0.0778648383937
61 0.0549048316252 0.0153733528551 0.179355783309 0.0768667642753 0.0095168374817 0.00146412884334 0.0139092240117 0.00366032210835 0.0541727672035 0.0102489019034 0.00219619326501 0.0380673499268 0.0453879941435 0.0095168374817 0.0761346998536 0.0270863836018 0.0292825768668 0.0453879941435 0.00146412884334 0.0190336749634 0.215959004392 0.00805270863836 0.00366032210835 0.0153733528551 0.0439238653001
62 0.0708908406524 0.0175658720201 0.114805520703 0.144291091593 0.0125470514429 0.000627352572146 0.0263488080301 0.0363864491844 0.0194479297365 0.0326223337516 0.00564617314931 0.0715181932246 0.127979924718 0.00376411543287 0.0627352572146 0.00313676286073 0.025721455458 0.0414052697616 0.000627352572146 0.0326223337516 0.0853199498118 0.0106649937265 0.00815558343789 0.0238393977415 0.0213299874529
63 0.00564971751412 0.0075329566855 0.149403640929 0.0728185812932 0.0426867545512 0.000627746390458 0.00690521029504 0.00564971751412 0.0163214061519 0.00313873195229 0.00125549278092 0.0257376020088 0.240426867546 0.0420590081607 0.0784682988073 0.0131826741996 0.00627746390458 0.0947897049592 0.0470809792844 0.0125549278092 0.0998116760829 0.00941619585687 0.00564971751412 0.00690521029504 0.00564971751412
64 0.0515075376884 0.00251256281407 0.0879396984925 0.0979899497487 0.0276381909548 0.00125628140704 0.0276381909548 0.0276381909548 0.120603015075 0.0502512562814 0.00125628140704 0.0640703517588 0.0389447236181 0.00753768844221 0.0439698492462 0.0125628140704 0.0577889447236 0.0326633165829 0.00251256281407 0.0678391959799 0.0665829145729 0.00879396984925 0.00251256281407 0.0515075376884 0.0464824120603
65 0.016 0.008 0.04 0.24 0.024 0.004 0.016 0.016 0.044 0.024 0.004 0.036 0.048 0.004 0.052 0.008 0.02 0.104 0.004 0.028 0.108 0.024 0.008 0.028 0.092
66 0.0267260579065 0.00890868596882 0.0913140311804 0.142538975501 0.0712694877506 0.0022271714922 0.00668151447661 0.0133630289532 0.0267260579065 0.207126948775 0.0022271714922 0.0534521158129 0.0712694877506 0.00445434298441 0.0200445434298 0.0022271714922 0.0155902004454 0.0400890868597 0.00445434298441 0.0289532293987 0.0579064587973 0.0356347438753 0.0022271714922 0.00890868596882 0.0556792873051
67 0.0193905817175 0.0221606648199 0.0914127423823 0.0332409972299 0.01108033241 0.00831024930748 0.00277008310249 0.00831024930748 0.0470914127424 0.0304709141274 0.00277008310249 0.0304709141274 0.14404432133 0.00277008310249 0.138504155125 0.0443213296399 0.00554016620499 0.0193905817175 0.00277008310249 0.00554016620499 0.0914127423823 0.0526315789474 0.141274238227 0.0138504155125 0.0304709141274
68 0.00592255125285 0.0113895216401 0.0546697038724 0.0255125284738 0.0359908883827 0.000455580865604 0.00774487471526 0.0136674259681 0.00501138952164 0.224601366743 0.000911161731207 0.0373576309795 0.290660592255 0.00455580865604 0.0651480637813 0.00728929384966 0.0350797266515 0.0396355353075 0.00227790432802 0.00911161731207 0.0501138952164 0.0118451025057 0.00182232346241 0.0173120728929 0.0419134396355
69 0.00385356454721 0.0163776493256 0.0602119460501 0.0390173410405 0.00722543352601 0.000963391136802 0.0173410404624 0.00433526011561 0.0226396917148 0.00770712909441 0.0019267822736 0.02408477842 0.221579961464 0.0101156069364 0.173892100193 0.130057803468 0.016859344894 0.0698458574181 0.00337186897881 0.0351637764933 0.0635838150289 0.0101156069364 0.00578034682081 0.0298651252408 0.02408477842
70 0.0570592538405 0.00731528895391 0.0307242136064 0.194586686174 0.0314557425018 0.000731528895391 0.0329188002926 0.00658376005852 0.0226773957571 0.0599853694221 0.00365764447696 0.0965618141917 0.0490124359912 0.00731528895391 0.0782735918069 0.00365764447696 0.0460863204097 0.0658376005852 0.00292611558157 0.0138990490124 0.0826627651792 0.0416971470373 0.00365764447696 0.0212143379663 0.0395025603511
71 0.00320512820513 0.0128205128205 0.0544871794872 0.0485347985348 0.0416666666667 0.000915750915751 0.0320512820513 0.003663003663 0.00412087912088 0.0306776556777 0.00320512820513 0.318223443223 0.0622710622711 0.0018315018315 0.0467032967033 0.00824175824176 0.0311355311355 0.0622710622711 0.0018315018315 0.018315018315 0.0370879120879 0.0270146520147 0.00228937728938 0.0361721611722 0.111263736264
72 0.00634249471459 0.00845665961945 0.23467230444 0.0570824524313 0.0211416490486 0.00211416490486 0.0211416490486 0.0253699788584 0.0634249471459 0.0190274841438 0.00422832980973 0.0274841437632 0.0697674418605 0.00634249471459 0.0761099365751 0.0338266384778 0.00845665961945 0.0126849894292 0.0126849894292 0.0697674418605 0.162790697674 0.00634249471459 0.00422832980973 0.014799154334 0.0317124735729
73 0.0144927536232 0.0289855072464 0.108695652174 0.0434782608696 0.00724637681159 0.00724637681159 0.0289855072464 0.036231884058 0.0144927536232 0.0144927536232 0.00724637681159 0.0289855072464 0.0289855072464 0.00724637681159 0.202898550725 0.0217391304348 0.00724637681159 0.0289855072464 0.00724637681159 0.0507246376812 0.115942028986 0.00724637681159 0.0144927536232 0.0942028985507 0.0724637681159
74 0.00216216216216 0.00810810810811 0.220540540541 0.0372972972973 0.0751351351351 0.000540540540541 0.0135135135135 0.00324324324324 0.06 0.0189189189189 0.000540540540541 0.0108108108108 0.0659459459459 0.00648648648649 0.161621621622 0.0221621621622 0.0243243243243 0.0567567567568 0.000540540540541 0.0405405405405 0.122162162162 0.012972972973 0.00324324324324 0.012972972973 0.0194594594595
75 0.0168918918919 0.00675675675676 0.0236486486486 0.0101351351351 0.00337837837838 0.00337837837838 0.0135135135135 0.00337837837838 0.0202702702703 0.0101351351351 0.00337837837838 0.0168918918919 0.097972972973 0.00337837837838 0.331081081081 0.00675675675676 0.00337837837838 0.0168918918919 0.00675675675676 0.00337837837838 0.141891891892 0.00337837837838 0.236486486486 0.00675675675676 0.0101351351351
76 0.0304268846503 0.0372388737511 0.0899182561308 0.058583106267 0.0304268846503 0.000454132606721 0.0331516802906 0.0172570390554 0.011353315168 0.0326975476839 0.00181653042688 0.0930971843778 0.0622161671208 0.00726612170754 0.106721162579 0.00953678474114 0.0349682107175 0.0172570390554 0.00227066303361 0.0281562216167 0.149409627611 0.0140781108084 0.00181653042688 0.0581289736603 0.0717529518619
77 0.000991080277502 0.0401387512389 0.172447968285 0.00991080277502 0.00445986124876 0.00148662041625 0.0232903865213 0.00396432111001 0.0317145688801 0.0153617443013 0.00346878097126 0.01189296333 0.222497522299 0.00743310208127 0.290882061447 0.0123885034688 0.0143706640238 0.00792864222002 0.00693756194252 0.0247770069376 0.0218037661051 0.00644202180377 0.0356788899901 0.017839444995 0.01189296333
78 0.0302210193956 0.0166892196662 0.136220117276 0.0866035182679 0.0383400992332 0.00451059990979 0.0239061795219 0.0198466396031 0.0293188994136 0.0347316193054 0.00721695985566 0.0514208389716 0.086152458277 0.00811907983762 0.0766801984664 0.0270635994587 0.0383400992332 0.0753270184935 0.00721695985566 0.0405953991881 0.0897609382048 0.0085701398286 0.00315741993685 0.0374379792512 0.0225529995489
79 0.00690846286701 0.029792746114 0.104058721934 0.0319516407599 0.0768566493955 0.000431778929188 0.0233160621762 0.00172711571675 0.0341105354059 0.0189982728843 0.000431778929188 0.00474956822107 0.326424870466 0.00172711571675 0.114853195164 0.00604490500864 0.00259067357513 0.0388601036269 0.00129533678756 0.0669257340242 0.0496545768566 0.0116580310881 0.00215889464594 0.020725388601 0.0237478411054
80 0.11652173913 0.00782608695652 0.0965217391304 0.0591304347826 0.00782608695652 0.00260869565217 0.0269565217391 0.0234782608696 0.110434782609 0.0269565217391 0.00608695652174 0.0304347826087 0.0478260869565 0.0113043478261 0.0486956521739 0.124347826087 0.0139130434783 0.0660869565217 0.00434782608696 0.0173913043478 0.0313043478261 0.0095652173913 0.00434782608696 0.0252173913043 0.0808695652174
81 0.00734573947111 0.00293829578844 0.0249755142018 0.0176297747307 0.00146914789422 0.000979431929481 0.0024485798237 0.00146914789422 0.0225269343781 0.00636630754163 0.000979431929481 0.00391772771792 0.829089128306 0.00146914789422 0.0279138099902 0.00391772771792 0.000979431929481 0.000979431929481 0.000979431929481 0.0048971596474 0.00342801175318 0.0117531831538 0.0048971596474 0.00538687561214 0.011263467189
82 0.0322580645161 0.0564516129032 0.0241935483871 0.112903225806 0.0725806451613 0.00806451612903 0.00806451612903 0.0322580645161 0.0322580645161 0.0161290322581 0.00806451612903 0.0483870967742 0.0161290322581 0.00806451612903 0.153225806452 0.00806451612903 0.0161290322581 0.0564516129032 0.0161290322581 0.00806451612903 0.0967741935484 0.0322580645161 0.0322580645161 0.0161290322581 0.0887096774194
83 0.0038967364832 0.100828056503 0.110569897711 0.0175353141744 0.0160740379932 0.000487092060399 0.116902094496 0.0126643935704 0.0155869459328 0.0443253774963 0.002435460302 0.0253287871408 0.0662445202143 0.00438382854359 0.0808572820263 0.00487092060399 0.0238675109596 0.0034096444228 0.002435460302 0.014612761812 0.0491962981003 0.0482221139795 0.20750121773 0.0165611300536 0.0112031173892
84 0.00134408602151 0.0183691756272 0.218189964158 0.0152329749104 0.0586917562724 0.000448028673835 0.00313620071685 0.00851254480287 0.0179211469534 0.00358422939068 0.00224014336918 0.0318100358423 0.0206093189964 0.0134408602151 0.112903225806 0.00985663082437 0.0273297491039 0.00627240143369 0.00224014336918 0.0963261648746 0.288082437276 0.00851254480287 0.00089605734767 0.0210573476703 0.0129928315412
85 0.000447427293065 0.00671140939597 0.131543624161 0.0630872483221 0.020581655481 0.000447427293065 0.0348993288591 0.00089485458613 0.00984340044743 0.0107382550336 0.00268456375839 0.360178970917 0.0796420581655 0.00089485458613 0.0519015659955 0.0241610738255 0.0196868008949 0.021029082774 0.00134228187919 0.0263982102908 0.0308724832215 0.0170022371365 0.00402684563758 0.0331096196868 0.0478747203579
86 0.00179856115108 0.00539568345324 0.0179856115108 0.0323741007194 0.00539568345324 0.00179856115108 0.00719424460432 0.00539568345324 0.0215827338129 0.00719424460432 0.0107913669065 0.0161870503597 0.293165467626 0.00359712230216 0.174460431655 0.00539568345324 0.00719424460432 0.0179856115108 0.00179856115108 0.00539568345324 0.0575539568345 0.00359712230216 0.269784172662 0.0089928057554 0.0179856115108
87 0.025641025641 0.0102564102564 0.0564102564103 0.0307692307692 0.00512820512821 0.00512820512821 0.0102564102564 0.112820512821 0.0153846153846 0.0153846153846 0.0102564102564 0.0358974358974 0.0564102564103 0.0102564102564 0.215384615385 0.0564102564103 0.0102564102564 0.00512820512821 0.0102564102564 0.00512820512821 0.0512820512821 0.0205128205128 0.189743589744 0.0153846153846 0.0205128205128
88 0.0544747081712 0.0126459143969 0.034046692607 0.226653696498 0.0145914396887 0.000972762645914 0.00583657587549 0.0272373540856 0.0136186770428 0.0379377431907 0.000972762645914 0.0865758754864 0.0729571984436 0.000972762645914 0.0437743190661 0.00389105058366 0.0214007782101 0.0719844357977 0.00291828793774 0.0107003891051 0.0301556420233 0.0573929961089 0.0136186770428 0.0301556420233 0.124513618677
89 0.0277516462841 0.0296331138288 0.0794920037629 0.0413922859831 0.0296331138288 0.000470366886171 0.0159924741298 0.030103480715 0.0371589840075 0.0098777046096 0.00282220131703 0.0230479774224 0.158043273754 0.00564440263405 0.131702728128 0.0098777046096 0.0780809031044 0.0371589840075 0.00799623706491 0.0460959548448 0.128880526811 0.0183443085607 0.00188146754468 0.0296331138288 0.019285042333
90 0.00301386377336 0.00723327305606 0.104279686558 0.0373719107896 0.0669077757685 0.0114526823388 0.0343580470163 0.0168776371308 0.0542495479204 0.0108499095841 0.00361663652803 0.0186859553948 0.124773960217 0.0494273658831 0.0663050030139 0.0554550934298 0.0084388185654 0.00542495479204 0.0108499095841 0.0168776371308 0.132610006028 0.0108499095841 0.00180831826401 0.0717299578059 0.0765521398433
91 0.00275862068966 0.00459770114943 0.0666666666667 0.0349425287356 0.0124137931034 0.0266666666667 0.0229885057471 0.00413793103448 0.0285057471264 0.0349425287356 0.0064367816092 0.0220689655172 0.251034482759 0.00551724137931 0.0671264367816 0.135172413793 0.00781609195402 0.00413793103448 0.00229885057471 0.0216091954023 0.0280459770115 0.023908045977 0.00275862068966 0.0151724137931 0.168275862069
92 0.00627716079189 0.0642201834862 0.168034765814 0.0260743602125 0.0366972477064 0.000482858522453 0.0342829550942 0.0212457749879 0.0371801062289 0.0289715113472 0.00144857556736 0.0685659101883 0.0700144857557 0.00579430226944 0.10043457267 0.00579430226944 0.0207629164655 0.041525832931 0.00241429261226 0.0492515692902 0.140994688556 0.00917431192661 0.00338000965717 0.0318686624819 0.0251086431676
93 0.0555824069599 0.0256162397293 0.082648622523 0.1203479942 0.060415659739 0.000483325277912 0.0130497825036 0.0193330111165 0.0391493475109 0.0343160947318 0.00434992750121 0.114548090865 0.071532141131 0.0120831319478 0.0710488158531 0.00579990333494 0.0135331077815 0.0681488641856 0.00579990333494 0.027549540841 0.0724987916868 0.0149830836153 0.00338327694538 0.0256162397293 0.0381826969551
94 0.00556930693069 0.0148514851485 0.0507425742574 0.0253712871287 0.0606435643564 0.000618811881188 0.0625 0.00123762376238 0.00990099009901 0.0167079207921 0.000618811881188 0.00185643564356 0.225866336634 0.000618811881188 0.0996287128713 0.00866336633663 0.00742574257426 0.24504950495 0.000618811881188 0.0550742574257 0.0519801980198 0.00928217821782 0.00433168316832 0.0309405940594 0.00990099009901
95 0.0140081337551 0.00994125621329 0.0140081337551 0.0786262991414 0.0103931314957 0.000451875282422 0.00903750564844 0.00723000451875 0.0167193854496 0.0641662901039 0.00225937641211 0.07275192047 0.306371441482 0.0207862629914 0.109805693629 0.00497062810664 0.028920018075 0.0316312697695 0.000903750564844 0.0253050158156 0.0420244012653 0.0280162675102 0.0126525079078 0.0248531405332 0.0641662901039
96 0.0110633066994 0.00737553779963 0.0952673632452 0.20098340504 0.0116779348494 0.000614628149969 0.00553165334972 0.0110633066994 0.0522433927474 0.221880762139 0.00184388444991 0.0381069452981 0.0903503380455 0.000614628149969 0.0497848801475 0.0079901659496 0.00430239704978 0.0645359557468 0.00307314074985 0.00184388444991 0.00614628149969 0.00860479409957 0.00614628149969 0.00307314074985 0.0958819913952
97 0.0222672064777 0.0116396761134 0.0288461538462 0.299089068826 0.00910931174089 0.000506072874494 0.00607287449393 0.0106275303644 0.0268218623482 0.037955465587 0.00151821862348 0.0662955465587 0.0607287449393 0.000506072874494 0.0652834008097 0.00303643724696 0.00455465587045 0.0657894736842 0.00101214574899 0.00708502024291 0.0318825910931 0.0728744939271 0.0759109311741 0.0182186234818 0.0723684210526
98 0.0223135642983 0.00528479154433 0.0152671755725 0.144450968878 0.0246623605402 0.00117439812096 0.0064591896653 0.0123311802701 0.00411039342337 0.220786846741 0.00176159718144 0.0481503229595 0.0892542571932 0.00117439812096 0.0610687022901 0.00587199060482 0.0428655314151 0.103347034645 0.000587199060482 0.0111567821491 0.0481503229595 0.0557839107457 0.00880798590722 0.0287727539636 0.0364063417499
99 0.00347739692002 0.0178837555887 0.179334326875 0.0248385494287 0.0799801291605 0.000496770988574 0.019870839543 0.00496770988574 0.139592647789 0.00596125186289 0.000993541977149 0.0288127173373 0.0506706408346 0.00596125186289 0.233979135618 0.0134128166915 0.00546448087432 0.0114257327372 0.00397416790859 0.0248385494287 0.0670640834575 0.0153999006458 0.00596125186289 0.0382513661202 0.0173869846001
100 0.00560224089636 0.0116713352007 0.0999066293184 0.0802987861811 0.0298786181139 0.00046685340803 0.03081232493 0.0233426704015 0.0182072829132 0.0387488328665 0.00046685340803 0.0737628384687 0.0681605975724 0.0102707749767 0.100373482726 0.00560224089636 0.0144724556489 0.0168067226891 0.00980392156863 0.0737628384687 0.107843137255 0.0438842203548 0.00140056022409 0.0602240896359 0.0742296918768
101 0.00621669626998 0.0102131438721 0.108792184725 0.0337477797513 0.00754884547069 0.00044404973357 0.0190941385435 0.00621669626998 0.0239786856128 0.015541740675 0.00177619893428 0.348579040853 0.0457371225577 0.00399644760213 0.0754884547069 0.044404973357 0.0528419182948 0.0395204262877 0.00088809946714 0.00710479573712 0.0399644760213 0.0186500888099 0.00133214920071 0.0364120781528 0.0515097690941
102 0.00320659642694 0.00961978928081 0.0407695831425 0.042143838754 0.0132844709116 0.000458085203848 0.0160329821347 0.00320659642694 0.0325240494732 0.225377920293 0.00137425561154 0.0123683005039 0.215300045809 0.00137425561154 0.16307833257 0.00412276683463 0.00549702244617 0.105359596885 0.000916170407696 0.0215300045809 0.021071919377 0.0123683005039 0.00824553366926 0.0279431974347 0.0128263857077
103 0.0252324037185 0.0460380699425 0.147410358566 0.0146082337317 0.0230190349712 0.000442673749447 0.0274457724657 0.0137228862328 0.0115095174856 0.0230190349712 0.00132802124834 0.148738379814 0.0323151837096 0.00929614873838 0.136786188579 0.0181496237273 0.0575475874281 0.0362992474546 0.00354138999557 0.0345285524568 0.111553784861 0.00442673749447 0.000885347498893 0.0491367861886 0.0230190349712
104 0.00694444444444 0.0138888888889 0.0532407407407 0.173148148148 0.00972222222222 0.000462962962963 0.0162037037037 0.00277777777778 0.0666666666667 0.0194444444444 0.000925925925926 0.0541666666667 0.201851851852 0.00231481481481 0.0643518518519 0.115277777778 0.00277777777778 0.0148148148148 0.00138888888889 0.0087962962963 0.0101851851852 0.0532407407407 0.00925925925926 0.0175925925926 0.0805555555556
105 0.0112893642305 0.0237670825906 0.0106951871658 0.0196078431373 0.00118835412953 0.0017825311943 0.00772430184195 0.0017825311943 0.00713012477718 0.0166369578134 0.00415923945336 0.0320855614973 0.184789067142 0.00118835412953 0.0998217468806 0.0570409982175 0.0017825311943 0.0124777183601 0.000594177064765 0.00891265597148 0.104575163399 0.0219845513963 0.305407011289 0.0130718954248 0.0505050505051
106 0.0236486486486 0.00900900900901 0.0202702702703 0.0686936936937 0.00337837837838 0.00112612612613 0.00563063063063 0.0045045045045 0.0495495495495 0.018018018018 0.0045045045045 0.0349099099099 0.329954954955 0.00112612612613 0.198198198198 0.00900900900901 0.0135135135135 0.0112612612613 0.00337837837838 0.00900900900901 0.0833333333333 0.00788288288288 0.0506756756757 0.0112612612613 0.0281531531532
107 0.0300985988583 0.016606123508 0.0607161390763 0.0415153087701 0.0103788271925 0.00830306175402 0.0186818889465 0.0140114167099 0.0768033212247 0.0077841203944 0.0119356512714 0.0290607161391 0.105864037364 0.0140114167099 0.0871821484172 0.244940321744 0.0233523611832 0.00622729631552 0.00415153087701 0.0119356512714 0.059678256357 0.0275038920602 0.00363258951738 0.0420342501297 0.0435910742086
108 0.0155709342561 0.0294117647059 0.0501730103806 0.102076124567 0.134948096886 0.00173010380623 0.0121107266436 0.00173010380623 0.038062283737 0.0865051903114 0.00346020761246 0.0207612456747 0.0553633217993 0.00692041522491 0.140138408304 0.0173010380623 0.00519031141869 0.0778546712803 0.00519031141869 0.0155709342561 0.112456747405 0.0138408304498 0.00519031141869 0.0138408304498 0.0346020761246
109 0.0199904807235 0.00713945740124 0.0537839124227 0.145644930985 0.0461684911947 0.000475963826749 0.0147548786292 0.0328415040457 0.00999524036173 0.0376011423132 0.00142789148025 0.104236078058 0.0518800571157 0.0028557829605 0.110899571633 0.00856734888149 0.0333174678724 0.0118990956687 0.00237981913375 0.0252260828177 0.141361256545 0.0352213231794 0.00142789148025 0.0380771061399 0.0628272251309
110 0.014173998045 0.0542521994135 0.0654936461388 0.039100684262 0.0131964809384 0.000488758553275 0.0224828934506 0.0058651026393 0.0131964809384 0.0234604105572 0.00146627565982 0.0161290322581 0.17008797654 0.000977517106549 0.369990224829 0.0229716520039 0.00342130987292 0.0205278592375 0.0019550342131 0.0102639296188 0.0459433040078 0.00782013685239 0.0219941348974 0.0146627565982 0.0400782013685
111 0.0097995545657 0.0494432071269 0.118040089087 0.0258351893096 0.0285077951002 0.00178173719376 0.0583518930958 0.0271714922049 0.0276169265033 0.015144766147 0.00178173719376 0.0971046770601 0.03429844098 0.0195991091314 0.101113585746 0.0267260579065 0.0592427616927 0.0097995545657 0.0146993318486 0.0668151447661 0.118930957684 0.00133630289532 0.0022271714922 0.0726057906459 0.0120267260579
112 0.0125 0.0210227272727 0.117613636364 0.111931818182 0.0102272727273 0.00170454545455 0.0176136363636 0.00397727272727 0.0306818181818 0.0323863636364 0.00681818181818 0.0278409090909 0.161363636364 0.00170454545455 0.190909090909 0.0107954545455 0.00852272727273 0.0318181818182 0.00227272727273 0.0255681818182 0.0960227272727 0.0232954545455 0.00681818181818 0.0193181818182 0.0272727272727
113 0.000455996352029 0.0241678066575 0.093935248518 0.00683994528044 0.00136798905609 0.000455996352029 0.0579115367077 0.00227998176015 0.0569995440036 0.00273597811218 0.000455996352029 0.0414956680347 0.031919744642 0.00227998176015 0.147742818057 0.00227998176015 0.000911992704058 0.0132238942088 0.385772913817 0.031919744642 0.0483356133151 0.015959872321 0.00182398540812 0.0218878248974 0.00683994528044
114 0.0039662865642 0.0208230044621 0.126425384234 0.0555280118989 0.00545364402578 0.000495785820526 0.0109072880516 0.00446207238473 0.0550322260783 0.0228061477442 0.00694100148736 0.0237977193852 0.205255329698 0.00297471492315 0.205255329698 0.0614774417452 0.00594942984631 0.010411502231 0.000991571641051 0.00644521566683 0.0555280118989 0.01883986118 0.0153693604363 0.0114030738721 0.0634605850273
115 0.00659340659341 0.0029304029304 0.0197802197802 0.0344322344322 0.00805860805861 0.000732600732601 0.0102564102564 0.0205128205128 0.0212454212454 0.018315018315 0.003663003663 0.0212454212454 0.350915750916 0.0029304029304 0.0937728937729 0.0813186813187 0.000732600732601 0.0549450549451 0.000732600732601 0.003663003663 0.00659340659341 0.0190476190476 0.126007326007 0.0117216117216 0.0798534798535
116 0.0212765957447 0.0182370820669 0.0851063829787 0.0455927051672 0.00303951367781 0.00303951367781 0.0121580547112 0.0243161094225 0.0273556231003 0.0668693009119 0.00303951367781 0.0121580547112 0.16717325228 0.00607902735562 0.155015197568 0.0212765957447 0.0273556231003 0.0212765957447 0.00911854103343 0.0303951367781 0.0303951367781 0.00303951367781 0.103343465046 0.0851063829787 0.0182370820669
117 0.0078485687904 0.0138504155125 0.0586334256694 0.0489381348107 0.0572483841182 0.000461680517082 0.0244690674054 0.0147737765466 0.103416435826 0.0891043397969 0.00230840258541 0.0600184672207 0.0941828254848 0.00138504155125 0.0595567867036 0.00831024930748 0.0895660203139 0.0346260387812 0.00831024930748 0.0230840258541 0.0794090489381 0.0614035087719 0.00230840258541 0.0346260387812 0.0221606648199
118 0.0307692307692 0.00559440559441 0.0834498834499 0.0536130536131 0.0951048951049 0.0004662004662 0.0307692307692 0.0265734265734 0.0144522144522 0.0400932400932 0.0004662004662 0.0307692307692 0.0540792540793 0.0041958041958 0.0564102564103 0.0027972027972 0.0438228438228 0.172494172494 0.0013986013986 0.0358974358974 0.0564102564103 0.025641025641 0.0032634032634 0.0643356643357 0.0671328671329
119 0.031007751938 0.00387596899225 0.0348837209302 0.193798449612 0.015503875969 0.00387596899225 0.015503875969 0.0193798449612 0.0193798449612 0.0503875968992 0.00387596899225 0.0503875968992 0.0968992248062 0.0077519379845 0.108527131783 0.0077519379845 0.0348837209302 0.143410852713 0.0077519379845 0.0077519379845 0.0232558139535 0.0271317829457 0.0271317829457 0.015503875969 0.0503875968992
120 0.0135708227311 0.00424088210348 0.0135708227311 0.0712468193384 0.00424088210348 0.000848176420696 0.0118744698897 0.00339270568278 0.0169635284139 0.027989821883 0.00508905852417 0.0322307039864 0.441899915182 0.000848176420696 0.149279050042 0.00339270568278 0.00339270568278 0.0737913486005 0.000848176420696 0.00593723494487 0.027989821883 0.00424088210348 0.0576759966073 0.00424088210348 0.0212044105174
121 0.0114051094891 0.00501824817518 0.0661496350365 0.0387773722628 0.036496350365 0.000456204379562 0.0114051094891 0.00547445255474 0.029197080292 0.0132299270073 0.300638686131 0.095802919708 0.0853102189781 0.00136861313869 0.0825729927007 0.00547445255474 0.0278284671533 0.0241788321168 0.00182481751825 0.0123175182482 0.0474452554745 0.0246350364964 0.000912408759124 0.0155109489051 0.0565693430657
122 0.00822368421053 0.0526315789474 0.0148026315789 0.100328947368 0.00328947368421 0.00164473684211 0.00986842105263 0.0328947368421 0.0394736842105 0.00986842105263 0.00164473684211 0.0279605263158 0.0230263157895 0.00164473684211 0.194078947368 0.00328947368421 0.0378289473684 0.101973684211 0.00164473684211 0.0345394736842 0.0427631578947 0.00657894736842 0.0855263157895 0.149671052632 0.0148026315789
123 0.0258302583026 0.0175276752768 0.124538745387 0.0355166051661 0.0516605166052 0.000922509225092 0.0318265682657 0.0189114391144 0.059963099631 0.02536900369 0.0115313653137 0.0770295202952 0.0341328413284 0.00415129151292 0.112546125461 0.00369003690037 0.0770295202952 0.0129151291513 0.0059963099631 0.0387453874539 0.126383763838 0.015221402214 0.00415129151292 0.0502767527675 0.0341328413284
124 0.0125786163522 0.0193517174649 0.0948234155781 0.0299951620706 0.00193517174649 0.00483792936623 0.00967585873246 0.00338655055636 0.0580551523948 0.0149975810353 0.00967585873246 0.0208030962748 0.25641025641 0.00580551523948 0.22496371553 0.0662796323174 0.0208030962748 0.0062893081761 0.00241896468312 0.00387034349299 0.0382196419932 0.0183841315917 0.0440251572327 0.0135462022254 0.0188679245283
125 0.112046058459 0.00974313551816 0.128875110717 0.12267493357 0.0651018600531 0.00044286979628 0.0199291408326 0.0163861824624 0.0730735163862 0.014171833481 0.00354295837024 0.0491585473871 0.0611160318866 0.00265721877768 0.0549158547387 0.011071744907 0.0274579273694 0.0469441984057 0.00575730735164 0.0239149689991 0.0837023914969 0.01904340124 0.00531443755536 0.0274579273694 0.0155004428698
126 0.0121107266436 0.00865051903114 0.115916955017 0.0865051903114 0.0726643598616 0.00173010380623 0.0207612456747 0.0570934256055 0.138408304498 0.0103806228374 0.00173010380623 0.0363321799308 0.100346020761 0.0138408304498 0.0899653979239 0.00519031141869 0.0138408304498 0.0709342560554 0.00173010380623 0.0207612456747 0.0415224913495 0.022491349481 0.00346020761246 0.0432525951557 0.0103806228374
127 0.0325242718447 0.00339805825243 0.0538834951456 0.0893203883495 0.0558252427184 0.000485436893204 0.0300970873786 0.023786407767 0.0718446601942 0.0422330097087 0.00145631067961 0.0558252427184 0.126213592233 0.0135922330097 0.0563106796117 0.00776699029126 0.00582524271845 0.0441747572816 0.00388349514563 0.0490291262136 0.121359223301 0.0330097087379 0.00194174757282 0.0577669902913 0.0184466019417
128 0.0295358649789 0.0133614627286 0.0225035161744 0.166666666667 0.00773558368495 0.00070323488045 0.0133614627286 0.0105485232068 0.0189873417722 0.0225035161744 0.00070323488045 0.0731364275668 0.0822784810127 0.0014064697609 0.163150492264 0.0070323488045 0.00492264416315 0.0457102672293 0.0014064697609 0.0225035161744 0.063994374121 0.0267229254571 0.116736990155 0.0372714486639 0.0471167369902
129 0.00994644223412 0.00688599846978 0.0428462127008 0.0168324407039 0.00688599846978 0.00153022188217 0.0107115531752 0.00306044376435 0.0306044376435 0.00765110941086 0.00229533282326 0.0137719969396 0.213465952563 0.00612088752869 0.0726855394032 0.186687069625 0.00153022188217 0.0726855394032 0.000765110941086 0.00382555470543 0.0130068859985 0.00612088752869 0.234889058914 0.00688599846978 0.0283091048202
130 0.00192307692308 0.0141025641026 0.024358974359 0.00320512820513 0.0237179487179 0.0115384615385 0.0179487179487 0.000641025641026 0.0621794871795 0.00128205128205 0.00128205128205 0.00769230769231 0.529487179487 0.00128205128205 0.117948717949 0.0378205128205 0.0025641025641 0.0147435897436 0.00192307692308 0.0115384615385 0.0762820512821 0.00320512820513 0.0025641025641 0.0262820512821 0.00448717948718
131 0.00374006545115 0.00514258999532 0.227208976157 0.0308555399719 0.0172978027115 0.000467508181393 0.0144927536232 0.00514258999532 0.0542309490416 0.0196353436185 0.0144927536232 0.0065451145395 0.125759700795 0.00981767180926 0.13417484806 0.0710612435718 0.0112201963534 0.00841514726508 0.000935016362786 0.0112201963534 0.0911640953717 0.026180458158 0.00374006545115 0.0135577372604 0.0935016362786
132 0.0272556390977 0.0136278195489 0.0366541353383 0.171522556391 0.00516917293233 0.00046992481203 0.0258458646617 0.0173872180451 0.0394736842105 0.0408834586466 0.0126879699248 0.0408834586466 0.25234962406 0.0451127819549 0.137687969925 0.00516917293233 0.00516917293233 0.015507518797 0.00234962406015 0.0112781954887 0.0108082706767 0.015507518797 0.0173872180451 0.0164473684211 0.0333646616541
133 0.0155232849274 0.00851276915373 0.0250375563345 0.00951427140711 0.00100150225338 0.00150225338007 0.0050075112669 0.00100150225338 0.0130195292939 0.00200300450676 0.00150225338007 0.0120180270406 0.273410115173 0.00300450676014 0.105658487732 0.056584877316 0.00150225338007 0.00650976464697 0.00050075112669 0.00300450676014 0.0120180270406 0.0050075112669 0.372558838257 0.0100150225338 0.0545818728092
134 0.00191387559809 0.0157894736842 0.0478468899522 0.0066985645933 0.022966507177 0.195215311005 0.011961722488 0.0133971291866 0.00622009569378 0.00239234449761 0.000478468899522 0.00430622009569 0.172727272727 0.00909090909091 0.232535885167 0.0904306220096 0.033971291866 0.00287081339713 0.00239234449761 0.011961722488 0.0832535885167 0.00191387559809 0.00191387559809 0.0253588516746 0.00239234449761
135 0.00634057971014 0.00724637681159 0.026268115942 0.0194746376812 0.00407608695652 0.00317028985507 0.0104166666667 0.000905797101449 0.0149456521739 0.0434782608696 0.0113224637681 0.039402173913 0.266304347826 0.0054347826087 0.154891304348 0.129528985507 0.00498188405797 0.0117753623188 0.00271739130435 0.0054347826087 0.0289855072464 0.0158514492754 0.0629528985507 0.0113224637681 0.11277173913
136 0.00456829602558 0.0347190497944 0.089995431704 0.0287802649612 0.0141617176793 0.000456829602558 0.031064412974 0.0054819552307 0.0283234353586 0.01964367291 0.00730927364093 0.0296939241663 0.211512105984 0.0146185472819 0.169026952947 0.0762905436272 0.015532206487 0.0205573321151 0.00411146642302 0.011420740064 0.0475102786661 0.0150753768844 0.00730927364093 0.0296939241663 0.0831429876656
137 0.00093370681606 0.0130718954248 0.104108309991 0.0770308123249 0.0196078431373 0.00093370681606 0.0704948646125 0.00560224089636 0.0200746965453 0.0340802987862 0.00186741363212 0.0756302521008 0.274509803922 0.00140056022409 0.107843137255 0.0140056022409 0.0219421101774 0.0144724556489 0.00186741363212 0.0233426704015 0.0350140056022 0.0429505135387 0.0107376283847 0.0046685340803 0.0238095238095
138 0.00717488789238 0.0295964125561 0.0565022421525 0.0645739910314 0.00448430493274 0.000896860986547 0.0591928251121 0.00896860986547 0.0412556053812 0.0493273542601 0.00179372197309 0.0690582959641 0.104932735426 0.00538116591928 0.112107623318 0.00896860986547 0.0116591928251 0.0188340807175 0.00179372197309 0.0439461883408 0.0439461883408 0.0708520179372 0.0547085201794 0.0959641255605 0.0340807174888
139 0.00282326369283 0.0175042348955 0.068887634105 0.0587238848108 0.00451722190853 0.000564652738566 0.0124223602484 0.0293619424054 0.0287972896669 0.00621118012422 0.00395256916996 0.0841332580463 0.154150197628 0.0118577075099 0.0649350649351 0.0141163184641 0.00790513833992 0.0293619424054 0.042913608131 0.0220214568041 0.0186335403727 0.147374364766 0.0886504799548 0.0564652738566 0.0237154150198
140 0.00402144772118 0.0647899910634 0.0428954423592 0.00983020554066 0.00848972296693 0.000446827524576 0.00759606791778 0.00670241286863 0.00804289544236 0.021000893655 0.000446827524576 0.011617515639 0.083109919571 0.00536193029491 0.240840035746 0.00625558534406 0.00268096514745 0.00848972296693 0.000893655049151 0.02636282395 0.410634495085 0.0111706881144 0.0035746201966 0.00983020554066 0.00491510277033
141 0.00654664484452 0.0158210583742 0.0338243316967 0.0103655210038 0.00490998363339 0.000545553737043 0.0971085651937 0.0283687943262 0.0534642662302 0.00927441352973 0.00545553737043 0.00218221494817 0.0120021822149 0.0152755046372 0.116748499727 0.00109110747409 0.00163666121113 0.00600109110747 0.495908346972 0.0278232405892 0.0310965630115 0.00490998363339 0.00218221494817 0.0147299509002 0.00272776868522
142 0.00139405204461 0.00232342007435 0.0292750929368 0.112453531599 0.00604089219331 0.00092936802974 0.00325278810409 0.00139405204461 0.00882899628253 0.0339219330855 0.00232342007435 0.0487918215613 0.295074349442 0.00557620817844 0.121282527881 0.0148698884758 0.00511152416357 0.0539033457249 0.00789962825279 0.00697026022305 0.0102230483271 0.129182156134 0.0102230483271 0.0227695167286 0.0659851301115
143 0.00242130750605 0.0416464891041 0.00968523002421 0.00677966101695 0.00532687651332 0.169007263923 0.0208232445521 0.00145278450363 0.0135593220339 0.0237288135593 0.0188861985472 0.00290556900726 0.217917675545 0.0043583535109 0.288619854722 0.0043583535109 0.0140435835351 0.0334140435835 0.00968523002421 0.0682808716707 0.0121065375303 0.00484261501211 0.0043583535109 0.0135593220339 0.00823244552058
144 0.0162767039674 0.0350966429298 0.174465920651 0.0488301119023 0.03001017294 0.00254323499491 0.0422177009156 0.0111902339776 0.19481180061 0.0172939979654 0.00254323499491 0.0691759918616 0.0518819938962 0.00457782299084 0.0732451678535 0.0447609359105 0.00661241098678 0.0147507629705 0.0116988809766 0.0203458799593 0.0620549338759 0.0122075279756 0.0030518819939 0.0162767039674 0.0340793489318
145 0.00126796280642 0.0050718512257 0.0714285714286 0.0967878275571 0.0316990701606 0.00126796280642 0.00845308537616 0.00464919695689 0.0105663567202 0.136939983094 0.00126796280642 0.0874894336433 0.200338123415 0.00169061707523 0.123415046492 0.0135249366019 0.0363482671175 0.00676246830093 0.00295857988166 0.0316990701606 0.0139475908707 0.0384615384615 0.00211327134404 0.032967032967 0.0388841927303
146 0.00455580865604 0.0132118451025 0.104783599089 0.0592255125285 0.0300683371298 0.00182232346241 0.0127562642369 0.00273348519362 0.026423690205 0.0501138952164 0.00182232346241 0.030979498861 0.257858769932 0.00728929384966 0.072437357631 0.0469248291572 0.0277904328018 0.0391799544419 0.00273348519362 0.0214123006834 0.048291571754 0.0168564920273 0.0141230068337 0.0236902050114 0.0829157175399
147 0.010625 0.000625 0.06375 0.109375 0.029375 0.003125 0.005625 0.0225 0.033125 0.03625 0.0025 0.079375 0.046875 0.010625 0.051875 0.169375 0.008125 0.02375 0.00375 0.003125 0.03375 0.016875 0.005625 0.014375 0.215625
148 0.0132966529115 0.00366804218249 0.0486015589179 0.212746446584 0.0311783585511 0.000458505272811 0.0110041265475 0.0105456212746 0.00504355800092 0.07015130674 0.000458505272811 0.120128381476 0.0788629069234 0.00183402109124 0.0201742320037 0.00550206327373 0.0288858321871 0.0655662540119 0.00183402109124 0.00917010545621 0.0316368638239 0.0334708849152 0.000458505272811 0.0270518110958 0.168271435122
149 0.00368098159509 0.0453987730061 0.0134969325153 0.196319018405 0.00122699386503 0.00245398773006 0.00858895705521 0.0110429447853 0.00981595092025 0.0159509202454 0.0159509202454 0.115337423313 0.116564417178 0.00245398773006 0.104294478528 0.0122699386503 0.0331288343558 0.0355828220859 0.00368098159509 0.0196319018405 0.0331288343558 0.0147239263804 0.127607361963 0.0368098159509 0.0208588957055
150 0.0202338129496 0.0152877697842 0.186151079137 0.039118705036 0.033273381295 0.00044964028777 0.0184352517986 0.0148381294964 0.027428057554 0.00989208633094 0.00089928057554 0.0341726618705 0.0557553956835 0.00629496402878 0.091726618705 0.00539568345324 0.00674460431655 0.0463129496403 0.00134892086331 0.0845323741007 0.223920863309 0.0314748201439 0.00089928057554 0.0359712230216 0.00944244604317
