29 0 0 16 33 37 44 50 51 67 74 79 83 91 94 96 97 99 104 105 108 110 115 119 130 137 139 140 142 144 146
1 1 1
20 2 1 2 12 15 36 39 42 46 50 83 85 95 96 102 113 129 137 142 145 149
44 3 3 4 11 12 21 22 26 29 35 36 38 39 41 42 43 45 49 50 62 68 70 71 76 78 81 84 85 89 94 98 100 101 103 109 111 113 117 118 121 123 125 134 145 149
86 4 2 4 5 9 10 11 12 15 17 21 24 25 26 28 29 35 36 37 38 39 41 42 43 44 45 46 47 49 50 53 57 59 62 64 65 66 68 70 71 76 77 78 79 81 82 83 84 85 86 89 93 95 96 97 98 100 101 102 103 106 109 111 112 113 117 118 119 120 121 122 123 125 126 127 128 130 132 134 137 138 140 142 143 145 148 149
25 5 5 11 57 58 63 74 79 83 85 91 92 96 99 104 112 122 130 137 139 140 142 145 146 149 150
75 6 3 4 5 6 9 11 12 21 22 24 25 26 28 29 35 36 37 38 39 41 42 43 45 46 47 49 50 57 58 62 64 70 71 76 77 78 79 81 83 84 86 88 89 94 95 96 97 98 100 101 102 103 106 111 113 117 118 119 120 121 122 123 125 126 127 128 132 137 138 142 143 145 148 149 150
34 7 7 8 13 14 15 19 23 27 30 31 32 40 48 51 60 61 64 69 79 85 104 107 110 111 114 124 130 131 135 136 144 145 146 147
34 8 7 8 15 19 20 23 27 31 40 44 48 50 51 52 53 56 60 67 68 69 79 80 90 94 104 107 108 110 114 116 124 129 130 135
50 9 9 10 17 26 28 29 35 38 42 43 45 47 49 50 53 55 57 58 59 62 66 68 70 71 76 77 78 83 85 93 97 98 100 101 102 103 111 113 118 121 123 125 126 127 138 142 143 145 148 149
94 10 1 2 3 4 5 10 11 12 21 22 24 25 26 28 29 35 36 37 38 39 41 42 43 44 45 46 47 49 50 53 55 57 58 59 62 63 64 65 66 68 70 71 74 76 77 78 79 81 82 84 85 86 88 89 92 93 94 95 96 97 98 99 100 101 102 103 106 109 111 112 113 117 118 119 120 121 122 123 125 126 127 128 132 134 137 138 139 140 142 143 145 148 149 150
41 11 5 11 21 25 26 28 29 38 41 43 45 47 49 50 62 68 76 79 84 85 95 96 98 100 101 102 103 109 113 118 121 122 123 125 127 134 137 145 148 149 150
1 12 12
11 13 7 13 51 54 107 114 124 125 133 134 146
3 14 14 97 102
18 15 7 15 23 31 34 39 49 50 51 58 73 79 110 112 124 138 146 147
25 16 5 9 16 32 33 54 57 58 74 79 91 92 98 99 104 108 110 112 123 136 137 140 145 146 150
64 17 4 9 17 24 26 28 29 35 38 39 41 42 43 45 46 47 49 50 57 58 62 64 65 66 68 70 71 74 76 77 78 79 83 84 85 86 89 92 93 95 97 98 99 100 101 102 103 106 111 112 117 121 122 123 125 126 127 137 138 139 143 145 146 148
15 18 8 14 18 19 23 30 51 61 69 72 73 90 107 131 147
1 19 19
1 20 20
44 21 1 3 4 11 21 25 26 28 29 35 38 40 41 42 47 49 50 57 70 71 76 79 84 85 95 98 100 101 102 109 111 113 117 118 121 123 125 127 132 140 145 146 148 149
42 22 3 5 9 21 22 24 25 26 35 36 42 44 47 49 50 57 70 71 79 84 85 89 92 93 96 98 99 101 109 117 118 121 122 125 126 127 138 140 142 145 148 149
32 23 8 15 16 18 23 30 31 36 40 48 51 56 60 61 69 80 84 87 90 104 107 108 110 114 121 124 125 130 131 136 145 146
85 24 1 3 4 9 10 11 12 17 21 22 24 25 26 28 29 35 36 38 39 41 42 43 44 45 46 47 49 50 53 55 57 58 59 62 64 65 66 68 70 71 76 77 78 79 81 83 84 85 86 88 89 93 94 95 96 98 100 101 102 103 106 109 111 112 113 117 118 120 121 122 123 125 126 127 128 132 134 137 138 140 143 145 148 149 150
90 25 1 2 3 4 5 9 10 11 12 15 19 21 22 24 25 26 28 29 31 35 36 37 38 39 41 42 43 44 45 46 47 49 50 53 55 57 58 59 62 64 65 66 68 70 71 76 77 78 81 82 84 85 88 89 93 94 95 96 98 100 101 102 103 109 111 112 113 117 118 120 121 122 123 125 126 127 128 132 133 134 136 137 138 140 142 143 145 148 149 150
103 26 1 2 3 4 5 6 8 9 10 11 12 14 15 17 21 22 24 25 26 28 29 31 35 36 37 38 39 41 42 43 44 45 46 47 49 50 51 53 55 57 58 59 62 64 65 66 68 70 71 74 75 76 77 78 79 81 82 83 84 85 86 88 89 92 93 94 95 96 97 98 99 100 101 102 103 106 109 111 112 113 117 118 119 120 121 122 123 125 126 127 128 132 134 137 138 139 140 142 143 145 148 149 150
14 27 7 8 27 48 51 56 61 69 94 104 107 126 130 147
98 28 1 2 3 4 5 6 9 10 11 12 19 21 22 24 25 26 28 29 30 35 36 37 38 39 41 42 43 44 45 46 47 49 50 53 55 57 58 59 60 62 63 64 65 66 68 70 71 74 76 77 78 79 81 82 83 84 85 88 89 90 92 93 94 95 96 97 98 100 101 102 103 104 106 109 111 112 113 117 118 120 121 122 123 125 126 127 128 132 134 137 138 140 142 143 145 148 149 150
72 29 9 10 17 21 24 26 28 29 35 36 38 39 41 42 43 44 45 46 47 49 50 53 55 59 61 62 65 66 68 70 71 76 77 78 79 81 82 84 85 88 89 93 95 96 98 100 101 102 103 106 109 110 111 112 113 117 118 120 121 122 123 125 126 127 132 134 138 143 145 148 149 150
52 30 5 7 8 13 14 15 16 19 21 23 27 29 30 31 32 33 38 40 45 48 51 54 56 60 61 69 72 74 79 80 87 90 91 92 99 104 107 110 114 115 121 123 124 130 131 133 135 136 141 144 146 147
3 31 31 60 146
15 32 16 32 33 38 54 58 72 78 79 91 104 108 110 130 135
46 33 5 8 9 16 21 23 29 30 31 32 33 41 48 49 51 54 57 58 60 61 69 71 74 79 83 85 91 92 99 102 104 110 112 114 117 126 130 133 135 136 137 140 144 146 148 150
1 34 34
75 35 3 4 9 10 11 17 21 22 24 26 28 29 35 36 38 39 41 42 43 44 45 46 47 48 49 50 53 57 58 62 64 65 66 68 70 71 76 77 78 79 83 84 85 86 88 89 93 95 97 98 100 101 102 103 106 109 111 117 119 121 122 123 125 126 127 128 132 134 136 137 138 143 145 148 150
83 36 2 3 4 5 7 11 12 16 21 22 23 24 25 26 28 29 30 33 35 36 38 39 40 41 42 43 45 49 50 51 57 58 61 62 68 70 71 74 76 78 79 81 84 85 88 89 90 92 93 95 96 98 99 100 101 102 103 107 109 110 111 112 117 118 121 122 123 125 126 127 131 132 134 135 136 137 138 140 145 146 148 149 150
5 37 26 37 76 111 119
89 38 1 3 4 9 10 11 12 17 21 22 24 25 26 28 29 35 36 37 38 39 41 42 43 44 45 46 47 49 50 53 55 57 59 62 64 65 66 68 70 71 76 77 78 79 81 82 84 85 86 88 89 92 93 94 95 96 97 98 100 101 102 103 106 109 110 111 112 113 117 118 120 121 122 123 125 126 127 128 132 134 137 138 140 142 143 145 148 149 150
66 39 4 10 12 15 17 21 24 26 28 29 35 36 38 39 42 43 44 45 46 47 49 50 53 55 57 59 62 64 65 66 68 70 71 76 77 78 79 81 85 86 88 89 93 95 98 100 101 103 106 112 113 117 118 121 123 125 127 128 132 134 137 142 145 148 149 150
33 40 7 21 23 24 28 30 32 36 40 48 51 54 56 60 61 63 69 75 80 87 88 107 110 114 124 129 130 131 135 145 147 148 149
84 41 1 2 3 4 9 10 11 12 17 19 21 22 24 25 26 28 29 35 36 38 41 42 43 44 45 47 49 50 53 55 57 59 62 64 65 66 68 70 71 76 77 78 81 82 84 85 86 88 89 92 93 94 95 96 98 100 101 102 103 106 109 111 112 113 117 118 120 121 122 123 125 126 127 128 132 134 137 138 142 143 145 148 149 150
98 42 1 2 3 4 5 6 9 10 11 12 17 21 22 24 25 26 28 29 35 36 37 38 39 41 42 43 44 45 46 47 49 50 53 55 57 58 59 62 63 64 65 66 68 70 71 74 76 77 78 79 81 82 83 84 85 86 88 89 92 93 94 95 96 97 98 99 100 101 102 103 106 109 111 112 113 117 118 119 120 121 122 123 125 126 127 128 132 134 137 138 139 140 142 143 145 148 149 150
90 43 0 1 2 3 4 5 6 9 11 12 17 21 22 24 25 26 28 29 35 36 38 39 41 42 43 44 45 46 47 49 50 53 57 58 59 62 63 64 66 68 70 71 74 76 77 78 79 81 84 85 88 89 92 93 94 95 96 97 98 99 100 101 102 103 109 111 112 113 117 118 120 121 122 123 125 126 127 128 131 132 134 137 138 140 142 143 145 148 149 150
59 44 0 26 28 29 35 37 41 44 45 47 49 50 52 53 57 59 62 65 68 71 76 77 79 81 85 88 93 95 96 97 100 101 102 103 105 106 109 110 111 112 113 117 118 119 120 121 122 123 125 128 132 137 138 140 142 145 148 149 150
94 45 1 2 3 4 5 6 9 10 11 12 17 21 22 24 25 26 28 29 35 36 37 38 39 41 42 43 44 45 46 47 49 50 53 55 57 58 59 62 63 64 65 66 68 70 71 74 76 77 78 79 81 82 83 84 85 86 88 89 92 93 94 95 96 97 98 99 100 101 102 103 106 109 111 112 113 117 118 121 122 123 125 126 127 128 132 134 137 138 139 142 143 145 148 149
33 46 2 4 12 24 26 29 35 41 42 43 45 46 49 50 57 62 76 79 81 85 94 95 96 98 101 102 112 113 121 123 125 142 145
93 47 4 6 9 10 11 12 17 21 22 24 25 26 28 29 35 36 37 38 39 41 42 43 44 45 46 47 49 50 53 55 57 59 62 63 64 65 66 68 70 71 74 76 77 78 79 81 82 83 84 85 86 88 89 93 95 96 97 98 99 100 101 102 103 106 109 111 112 113 117 118 119 120 121 122 123 125 126 127 128 131 132 134 135 137 138 139 140 142 143 145 148 149 150
36 48 7 8 13 15 19 23 27 29 30 31 32 33 40 48 51 54 56 60 61 69 72 73 80 90 91 104 107 110 114 124 130 131 135 136 145 146
96 49 1 3 4 9 10 11 12 14 15 17 21 22 24 25 26 27 28 29 35 37 38 39 41 42 43 44 45 46 47 49 50 53 55 57 58 59 62 63 64 65 66 67 68 70 71 74 76 77 78 79 81 82 83 84 85 88 89 92 93 94 95 96 97 98 100 101 102 103 106 109 110 111 112 113 117 118 120 121 122 123 126 127 128 132 134 137 138 139 140 142 143 145 146 148 149 150
143 50 0 1 2 3 4 5 6 7 8 9 10 11 12 13 15 16 17 18 19 20 21 22 23 24 25 26 27 28 29 30 31 32 35 36 37 38 39 40 41 42 43 44 45 46 47 48 49 50 51 52 53 54 55 56 57 58 59 60 61 62 63 64 65 66 67 68 69 70 71 72 73 74 75 76 77 78 79 80 81 82 83 84 85 86 88 89 90 91 92 93 94 95 96 97 98 100 101 102 103 104 105 106 107 108 109 110 111 112 113 114 115 117 118 120 121 122 123 124 125 126 127 128 129 130 131 132 134 135 136 137 138 139 140 141 142 143 144 145 146 147 148 149 150
54 51 0 1 7 8 13 14 15 16 18 19 20 23 27 30 31 32 33 34 40 48 51 52 54 56 60 61 69 72 73 74 80 90 91 92 99 101 104 107 108 110 114 115 116 124 129 130 131 133 135 136 144 145 146 147
1 52 52
1 53 53
31 54 5 9 15 16 23 30 32 33 51 54 57 58 74 79 83 85 91 92 99 104 110 112 114 124 130 135 137 140 146 147 150
34 55 2 6 9 10 26 29 39 45 49 50 55 57 65 66 70 73 77 78 93 95 96 98 100 101 102 112 113 122 128 132 142 143 145 149
23 56 13 23 27 30 32 40 48 51 56 69 84 85 91 95 96 104 107 110 130 135 136 140 145
71 57 4 5 9 10 17 21 25 26 35 36 38 39 41 42 43 44 45 47 49 50 55 57 58 62 65 66 71 74 76 78 79 83 84 85 86 89 92 93 95 96 97 98 99 100 101 102 103 111 112 113 117 119 120 121 122 123 125 127 128 131 132 137 138 139 140 142 143 145 146 149 150
44 58 5 9 10 15 17 25 26 33 35 36 37 42 45 50 57 58 62 66 68 74 76 79 83 91 92 96 97 99 100 101 102 104 109 112 122 123 125 137 140 142 145 146 149 150
1 59 59
33 60 7 15 16 23 30 31 32 33 40 51 54 56 60 69 74 78 79 80 81 85 104 107 114 117 124 130 131 133 135 136 144 145 147
41 61 7 8 13 14 15 18 19 21 23 27 29 30 31 33 40 48 50 51 54 56 60 61 69 72 73 80 87 90 104 107 110 114 121 123 124 129 130 131 135 136 147
98 62 2 3 4 5 6 9 10 12 15 17 21 24 26 28 29 35 36 37 38 39 41 42 43 44 45 46 47 49 50 53 54 55 57 58 59 61 62 63 64 65 66 68 70 71 74 76 77 78 79 81 82 83 84 85 86 88 89 91 92 93 95 96 98 99 100 101 102 103 106 109 111 112 114 117 118 119 120 121 122 123 124 125 126 127 128 132 134 137 138 139 140 142 143 145 146 148 149 150
9 63 5 63 74 89 99 123 130 140 145
17 64 17 22 35 38 39 45 46 50 58 62 64 101 122 134 145 149 150
1 65 65
94 66 1 2 3 4 9 10 11 12 17 21 22 24 26 28 29 35 36 37 38 39 41 42 43 44 45 46 47 49 50 53 55 57 58 59 62 63 64 65 66 68 70 71 74 76 77 78 79 81 83 84 85 86 88 89 92 93 94 95 96 97 98 99 100 101 102 103 106 109 111 112 113 117 118 119 120 121 122 123 125 126 127 128 132 134 137 138 139 140 142 143 145 148 149 150
27 67 16 19 32 33 37 49 67 74 79 83 84 91 96 97 99 104 105 108 110 115 119 130 137 140 142 144 146
81 68 0 2 3 4 8 9 10 11 17 21 24 25 26 28 29 35 36 37 38 39 41 42 43 44 45 47 49 50 53 55 57 58 62 65 66 68 70 71 76 77 78 79 82 83 84 85 89 92 93 94 95 96 98 100 101 102 103 106 109 110 111 112 113 117 118 120 121 122 123 125 126 127 132 134 137 138 142 143 145 148 149
43 69 7 8 13 14 15 19 23 27 29 30 31 32 33 40 48 51 54 56 60 61 69 72 74 79 80 84 89 90 91 94 104 107 110 114 124 130 131 134 135 136 145 146 147
49 70 3 4 8 9 11 21 22 25 26 29 35 36 38 39 41 42 43 45 47 49 56 61 62 64 68 70 71 76 78 84 85 89 98 100 102 103 109 111 113 117 118 121 123 125 126 132 138 140 145
42 71 4 11 21 25 26 29 35 37 41 42 49 50 57 62 68 70 71 76 79 84 85 94 96 98 100 101 102 103 111 113 117 118 121 122 123 127 137 138 142 145 148 149
6 72 51 72 74 101 131 136
4 73 50 55 73 123
34 74 0 5 16 17 32 33 37 54 57 58 63 72 74 79 83 85 91 92 96 97 99 104 110 112 115 130 137 139 140 142 144 146 149 150
3 75 1 26 75
93 76 2 3 4 5 9 10 11 12 17 21 24 26 28 29 35 36 37 38 39 41 42 43 44 45 46 47 49 50 53 55 57 58 59 62 63 64 65 66 68 70 71 74 76 77 78 79 81 82 83 84 85 86 88 89 92 93 94 95 96 97 98 100 101 102 103 106 109 111 112 113 117 118 120 121 122 123 125 126 127 128 131 132 134 137 138 139 140 142 143 145 148 149 150
39 77 4 6 9 17 24 25 26 29 35 38 39 41 42 43 45 49 50 62 68 71 76 77 78 84 85 98 100 101 102 103 109 111 121 123 125 136 137 143 145
92 78 1 3 4 5 6 7 9 10 11 12 14 15 17 21 22 24 25 26 28 29 35 36 38 39 41 42 43 44 45 46 47 49 50 53 55 57 58 59 60 62 63 64 66 68 70 71 74 76 77 78 81 83 84 85 88 89 92 93 94 95 96 97 98 99 100 101 102 103 105 109 111 112 113 117 118 121 122 123 124 125 126 127 128 134 137 142 143 144 145 148 149 150
18 79 0 1 15 37 74 79 85 96 97 104 110 112 130 137 144 145 148 149
36 80 8 16 19 23 29 30 32 33 40 48 51 54 56 60 61 69 72 73 80 87 90 91 104 105 107 110 112 114 121 124 129 131 135 136 146 147
10 81 41 45 50 55 81 102 122 132 148 149
6 82 82 89 117 119 122 125
109 83 2 4 5 9 11 12 13 16 17 21 22 24 25 26 28 29 30 34 35 36 37 38 39 40 41 42 43 44 45 47 48 49 50 51 53 54 55 57 58 59 60 62 63 64 65 66 68 69 70 71 74 76 77 78 79 81 82 83 84 85 86 88 89 90 92 93 94 95 96 97 98 99 100 101 102 103 106 109 111 112 113 116 117 118 120 121 122 123 124 125 126 127 128 131 132 133 134 136 137 138 139 140 142 143 145 147 148 149 150
135 84 0 1 2 3 4 5 7 8 9 10 11 12 13 14 15 16 17 19 21 22 23 24 25 26 27 28 29 30 31 32 33 35 36 37 38 39 40 41 42 43 44 45 47 48 49 50 51 52 53 54 55 56 57 58 59 60 61 62 63 64 65 66 67 68 69 70 71 72 74 76 77 78 79 80 81 82 83 84 85 87 88 89 90 91 92 93 94 95 96 97 98 99 100 101 102 103 104 106 107 109 110 111 112 113 114 115 117 118 119 120 121 122 123 125 126 127 128 130 131 132 134 136 137 138 140 141 142 143 144 145 146 147 148 149 150
41 85 3 4 11 12 21 22 26 29 35 36 38 39 41 42 43 45 49 50 62 68 70 71 76 78 84 85 89 94 98 100 101 103 109 111 117 118 121 123 125 134 148
33 86 4 5 11 17 24 35 42 43 46 50 57 62 65 71 76 77 78 83 86 88 89 96 98 101 103 106 111 117 122 123 125 138 145
1 87 87
73 88 10 11 24 26 28 35 36 40 42 43 45 47 49 50 53 55 57 62 64 68 70 71 74 76 77 78 79 81 82 83 84 85 88 89 93 94 95 96 97 98 99 100 101 102 103 108 110 111 112 113 117 118 119 120 122 123 125 126 127 128 132 134 136 137 138 140 142 143 145 147 148 149 150
115 89 1 2 3 4 9 10 12 13 15 18 19 20 21 22 24 25 26 27 28 29 30 31 34 35 36 38 39 40 41 42 44 45 46 47 48 49 50 52 53 54 55 57 59 60 62 63 64 65 66 68 69 70 71 72 73 74 76 78 79 80 81 82 84 85 86 88 89 93 94 95 96 97 98 101 102 103 105 106 107 109 111 112 113 114 116 117 118 119 120 121 122 123 124 125 126 127 128 129 132 133 134 135 136 137 138 139 140 141 142 143 145 147 148 149 150
42 90 7 14 15 16 18 23 30 31 32 33 44 48 51 52 54 56 60 61 67 69 72 80 90 91 104 105 107 108 110 114 115 116 124 129 130 131 134 135 136 141 146 147
29 91 0 5 16 30 32 33 51 54 58 63 74 79 83 90 91 92 96 99 104 108 110 112 115 130 134 137 144 146 150
38 92 1 3 4 5 9 17 21 32 33 37 41 50 57 58 68 74 76 79 85 92 96 97 99 101 102 104 107 112 113 122 124 137 140 142 145 146 149 150
73 93 1 2 3 4 10 11 12 17 21 22 24 25 26 28 29 35 36 38 39 41 42 43 44 45 46 49 53 55 57 58 59 62 64 65 66 68 70 71 76 78 79 81 82 84 85 86 88 89 93 94 98 100 101 102 106 109 113 117 118 120 121 122 123 125 126 127 132 138 142 143 145 148 149
15 94 0 3 24 25 36 38 42 49 64 65 76 79 94 102 113
50 95 3 4 10 12 17 24 28 29 35 39 42 43 44 47 50 55 57 59 62 65 70 76 77 85 88 89 93 95 96 97 98 101 103 109 111 112 117 118 119 122 123 131 132 135 136 138 140 142 145 148
39 96 5 9 11 16 17 26 28 32 33 44 50 54 57 58 71 74 79 83 85 91 92 96 97 99 104 109 110 112 125 127 135 137 140 142 144 145 146 148 150
59 97 0 4 6 9 10 14 17 24 26 28 29 35 38 42 43 44 45 46 47 49 50 57 58 65 66 67 68 76 77 78 79 81 83 84 85 88 89 95 97 98 101 102 103 111 117 118 120 122 123 125 127 132 133 137 138 140 143 145 148
84 98 4 9 10 11 12 17 21 24 25 26 28 29 35 36 38 39 42 43 44 45 46 47 49 50 53 55 57 59 62 64 65 66 68 70 71 74 76 77 78 79 81 83 84 85 86 88 89 93 95 96 97 98 100 101 102 103 106 109 111 112 113 117 118 120 121 122 123 125 126 127 128 132 134 137 138 139 140 141 142 143 145 148 149 150
25 99 5 9 16 17 22 32 33 37 54 57 58 74 79 85 91 92 99 104 110 112 130 137 140 146 150
86 100 1 2 3 4 9 10 11 12 17 21 22 24 25 26 28 29 35 36 37 38 39 41 42 43 44 45 46 47 49 50 53 55 57 58 59 62 64 65 66 68 70 71 76 77 78 79 81 82 84 85 86 89 93 94 95 96 98 100 101 102 103 106 109 111 112 113 117 118 120 121 122 123 125 126 127 128 132 134 137 138 140 142 143 145 148 150
101 101 1 2 3 4 5 6 7 9 10 11 12 15 17 21 22 24 25 26 28 29 35 36 37 38 39 41 42 43 44 45 46 47 49 50 51 53 55 57 58 59 62 63 64 66 68 69 70 71 74 76 77 78 79 81 83 84 85 86 88 89 92 93 94 95 96 97 98 99 100 101 102 103 109 110 111 112 113 115 117 118 120 121 122 123 125 126 127 128 132 134 136 137 138 139 140 142 143 145 148 149 150
87 102 0 1 2 3 4 5 6 9 10 11 12 14 21 24 25 26 28 29 35 36 37 38 39 41 42 43 46 47 49 50 53 55 57 58 59 62 64 66 68 70 71 74 76 77 78 79 81 83 84 85 88 89 92 93 94 95 97 98 100 101 102 103 106 109 112 113 117 118 119 120 121 122 123 126 127 128 129 132 137 138 140 142 145 147 148 149 150
147 103 1 2 3 4 5 7 8 9 10 11 12 13 14 15 16 17 18 19 20 21 22 23 24 25 26 27 28 29 30 31 32 33 34 35 36 37 38 39 40 41 42 43 44 45 46 47 48 49 50 51 52 53 54 55 56 57 58 59 60 61 62 64 65 66 67 68 69 70 71 72 73 74 75 76 77 78 79 80 81 82 83 84 85 86 87 88 89 90 91 92 93 94 95 96 97 98 99 100 101 102 103 104 105 106 107 108 109 110 111 112 113 114 115 116 117 118 119 120 121 122 123 124 125 126 127 128 129 131 132 133 134 135 136 137 138 139 140 141 142 143 144 145 146 147 148 149 150
10 104 16 32 33 54 91 104 110 130 144 146
9 105 44 50 67 80 104 105 108 111 115
18 106 24 29 50 68 78 86 101 103 106 111 120 121 122 125 126 142 145 148
24 107 14 15 20 32 33 40 48 51 52 56 60 61 80 92 105 107 114 124 131 134 135 136 141 147
52 108 0 5 16 31 32 33 37 40 48 52 56 60 61 67 69 72 73 74 75 79 80 83 87 90 91 96 97 99 104 105 107 108 110 114 115 116 119 124 129 130 131 133 135 136 137 139 140 141 142 144 146 147
98 109 0 1 2 3 4 5 9 10 11 12 15 21 22 24 25 26 28 29 32 35 36 37 38 39 41 42 43 44 45 46 47 49 50 53 55 57 58 59 62 64 65 66 68 70 71 76 77 78 79 81 82 83 84 85 88 89 92 93 94 95 96 97 98 100 101 102 103 104 106 109 110 111 112 113 117 118 119 120 121 122 123 125 126 127 128 132 134 135 136 137 138 140 142 143 145 148 149 150
2 110 57 110
99 111 4 6 7 9 10 12 17 21 22 24 25 26 28 29 35 36 37 38 39 41 42 43 44 45 46 47 49 50 53 55 56 57 58 59 60 62 63 64 65 66 68 69 70 71 74 76 77 78 79 81 82 83 84 85 86 88 89 93 95 96 97 98 99 100 101 102 103 105 106 109 110 111 112 113 114 117 118 119 120 121 122 123 125 126 127 128 132 134 136 137 138 139 140 142 143 145 148 149 150
11 112 34 41 74 79 112 120 123 132 137 142 149
9 113 50 68 98 101 113 123 142 145 149
13 114 15 31 33 51 54 60 61 114 124 131 133 135 147
6 115 91 108 110 115 144 146
7 116 14 51 116 125 127 133 146
81 117 1 2 4 6 10 11 17 21 24 25 26 28 29 35 36 37 38 39 41 42 43 44 45 46 47 49 50 53 55 57 59 62 65 66 68 70 71 76 78 79 82 83 84 85 86 88 89 92 93 95 96 97 98 100 101 102 103 109 111 112 113 117 118 119 120 121 122 123 125 127 128 132 137 138 140 142 143 145 148 149 150
49 118 4 21 22 24 25 29 32 36 38 41 42 45 50 51 54 68 70 71 79 84 85 93 95 96 97 98 100 101 102 109 112 113 117 118 120 121 122 123 125 127 130 132 137 138 142 143 145 148 149
52 119 35 37 42 44 50 57 58 62 65 74 78 79 81 82 84 85 88 89 95 96 97 98 99 101 102 103 106 109 111 112 113 117 118 119 120 121 122 123 125 126 128 132 136 137 138 139 140 142 143 145 148 149
1 120 120
121 121 1 2 3 4 7 8 9 10 11 12 13 14 15 17 18 19 20 21 22 23 24 25 26 27 28 29 30 31 35 36 37 38 39 40 41 42 43 44 45 47 48 49 50 51 53 54 55 56 57 59 60 61 62 64 65 66 68 69 70 71 72 73 76 77 78 80 81 82 84 85 88 89 90 91 92 93 94 95 98 99 100 101 102 103 104 106 107 109 111 112 113 114 117 118 119 120 121 122 123 124 125 126 127 128 129 130 131 132 134 135 136 137 138 140 142 143 145 147 148 149 150
95 122 1 4 6 9 10 11 12 17 21 24 25 26 28 29 35 36 37 38 39 41 42 43 44 45 46 47 49 50 53 55 57 58 59 62 63 64 65 66 67 68 70 71 74 76 77 78 79 81 82 83 84 85 86 88 89 93 94 95 96 97 98 99 100 101 102 103 106 109 111 112 113 117 118 119 120 121 122 123 125 126 127 128 132 134 136 137 138 139 140 142 143 145 148 149 150
104 123 1 2 3 4 5 6 9 10 11 12 14 15 16 17 21 22 24 25 26 28 29 35 36 37 38 39 41 42 43 44 45 46 47 49 50 53 55 57 58 59 62 63 64 65 66 68 70 71 73 74 76 77 78 79 81 82 83 84 85 86 88 89 92 93 94 95 96 97 98 99 100 101 102 103 106 109 111 112 113 117 118 119 120 121 122 123 125 126 127 128 131 132 134 137 138 139 140 142 143 145 146 148 149 150
51 124 2 7 8 13 14 15 19 22 30 31 32 40 44 48 50 51 52 60 61 69 72 74 75 78 80 84 85 87 102 103 105 107 108 109 112 114 116 122 124 129 131 133 134 135 136 140 144 145 146 147 149
137 125 0 1 2 3 4 5 6 7 8 9 10 11 12 13 14 15 17 18 19 20 21 22 23 24 25 26 27 28 29 30 31 34 35 36 37 38 39 40 41 42 43 44 45 46 47 48 49 50 51 53 54 55 56 57 58 59 60 61 62 63 64 65 66 67 68 69 70 71 72 73 74 76 77 78 79 80 81 82 83 84 85 86 88 89 90 92 93 94 95 96 97 98 99 100 101 102 103 106 107 109 110 111 112 113 114 115 116 117 118 119 120 121 122 123 124 125 126 127 128 131 132 134 135 136 137 138 139 140 142 143 144 145 146 147 148 149 150
78 126 1 2 3 4 9 10 11 12 17 21 22 24 25 26 28 29 35 36 38 39 41 42 43 45 47 49 50 53 55 59 62 64 65 66 68 70 71 76 77 78 81 82 84 85 88 89 92 93 94 95 98 100 101 102 103 106 109 111 112 113 117 118 120 121 122 123 125 126 127 128 132 134 138 143 145 148 149 150
151 127 0 1 2 3 4 5 6 7 8 9 10 11 12 13 14 15 16 17 18 19 20 21 22 23 24 25 26 27 28 29 30 31 32 33 34 35 36 37 38 39 40 41 42 43 44 45 46 47 48 49 50 51 52 53 54 55 56 57 58 59 60 61 62 63 64 65 66 67 68 69 70 71 72 73 74 75 76 77 78 79 80 81 82 83 84 85 86 87 88 89 90 91 92 93 94 95 96 97 98 99 100 101 102 103 104 105 106 107 108 109 110 111 112 113 114 115 116 117 118 119 120 121 122 123 124 125 126 127 128 129 130 131 132 133 134 135 136 137 138 139 140 141 142 143 144 145 146 147 148 149 150
38 128 4 10 28 35 38 43 44 45 47 49 57 62 66 78 83 88 93 95 98 100 103 109 112 121 122 123 125 126 127 128 132 137 141 142 143 145 148 149
9 129 32 36 91 102 105 129 135 136 145
9 130 0 54 63 79 91 104 110 130 133
84 131 8 15 16 19 29 31 33 35 36 38 47 50 51 52 53 56 57 59 60 61 62 64 65 67 69 70 72 73 74 75 76 77 78 79 80 81 84 87 89 90 91 95 96 99 102 103 104 105 106 107 108 109 110 111 112 114 115 118 119 120 121 122 124 125 127 129 130 131 132 133 134 135 136 137 138 140 141 142 144 145 146 147 148 149
86 132 3 4 9 11 12 21 22 24 25 26 28 29 35 36 38 39 41 42 43 45 47 49 50 53 55 59 60 62 64 65 68 71 76 78 81 82 84 85 88 89 92 93 95 96 97 98 99 100 101 102 103 106 108 109 111 112 117 118 119 120 121 122 123 125 126 127 128 131 132 134 135 136 137 138 139 140 141 142 143 144 145 146 147 148 149 150
27 133 13 16 21 30 32 33 51 54 69 72 79 80 97 104 106 108 110 116 124 125 127 131 133 135 136 146 149
10 134 35 50 79 85 102 122 134 142 143 145
60 135 5 7 8 13 15 18 19 20 21 23 27 30 31 32 33 40 42 47 48 51 52 53 54 56 57 58 60 61 64 69 72 74 79 80 85 87 90 92 96 99 102 103 104 105 107 108 114 115 124 129 130 131 133 135 136 142 144 146 147 150
88 136 5 7 8 13 15 16 18 19 23 24 25 27 30 31 32 33 35 40 43 44 48 49 50 51 56 58 60 61 69 70 72 73 74 77 79 80 83 84 85 87 88 90 91 92 95 96 98 100 101 103 104 106 107 108 109 110 112 114 115 117 118 119 120 121 122 123 124 125 126 127 129 130 131 132 133 134 135 136 137 138 140 141 142 145 146 147 149 150
103 137 0 2 3 4 5 6 9 10 11 16 17 21 22 24 25 26 28 29 32 33 35 37 38 39 41 42 43 45 46 47 49 50 51 54 57 58 62 63 64 65 66 67 68 70 71 74 76 77 78 79 81 83 84 85 88 89 91 92 94 95 96 97 98 99 100 101 102 103 104 108 109 110 111 112 113 115 117 118 119 120 121 122 123 125 126 127 128 130 132 134 136 137 138 139 140 142 143 144 145 146 148 149 150
62 138 6 9 10 15 17 24 29 35 36 38 41 42 45 47 49 50 53 55 57 59 62 64 65 70 71 74 76 79 80 82 83 88 93 95 96 98 101 102 103 106 111 112 118 120 121 122 123 125 127 132 136 137 138 139 140 142 143 144 145 148 149 150
4 139 17 97 139 142
26 140 24 50 57 58 63 74 79 84 88 89 92 95 97 102 110 122 123 127 136 137 140 142 144 146 149 150
20 141 30 32 40 50 79 89 90 91 98 103 108 115 128 131 132 136 140 141 149 150
39 142 4 9 25 28 47 50 57 58 68 78 83 84 89 92 95 98 100 101 102 103 106 111 112 113 122 123 125 128 132 136 137 138 139 140 142 143 145 148 150
86 143 3 4 9 10 12 17 21 24 25 26 28 29 35 36 38 39 41 42 43 44 45 46 47 49 50 53 55 57 58 59 62 64 65 66 68 70 71 76 77 78 79 81 84 86 88 89 92 93 94 95 96 97 98 99 100 101 102 103 106 109 111 112 113 117 118 119 120 121 122 123 125 126 127 128 132 134 136 137 138 139 142 143 145 148 149 150
21 144 0 15 16 32 33 54 60 74 78 79 91 92 99 104 110 115 124 130 140 144 146
96 145 0 1 2 3 4 5 6 9 11 12 15 17 21 22 24 25 26 28 29 35 36 37 38 39 41 42 43 44 45 46 47 49 50 53 55 57 58 62 63 64 65 66 68 70 71 74 76 77 78 79 81 83 84 85 86 88 89 92 93 94 95 96 97 98 99 100 101 102 103 106 109 110 111 113 117 118 119 120 121 122 123 125 126 127 128 132 134 137 138 140 142 145 146 148 149 150
65 146 0 5 7 8 9 11 13 15 16 17 19 21 23 27 30 31 32 33 36 40 41 48 50 51 54 57 58 60 61 67 69 74 79 80 85 90 91 92 99 102 103 104 106 108 110 112 114 115 116 123 124 125 127 130 131 132 133 134 135 136 137 140 145 146 150
60 147 1 3 7 12 15 20 21 22 23 24 26 27 28 29 30 32 33 35 40 43 44 47 49 51 54 55 56 57 58 61 62 71 79 80 90 91 95 96 97 99 104 107 112 114 115 121 124 126 129 131 134 135 136 142 144 145 147 148 149 150
88 148 1 3 4 5 9 10 11 12 17 21 22 24 25 26 28 29 35 36 38 39 41 42 43 44 45 47 49 50 53 55 57 58 59 62 64 66 68 70 71 76 77 78 79 81 82 83 84 85 88 89 92 94 95 96 97 98 99 100 101 102 103 106 109 111 112 113 117 118 119 120 121 122 123 125 126 127 128 132 134 137 138 140 142 143 145 148 149 150
3 149 85 122 149
31 150 5 35 42 50 57 58 74 79 85 89 92 95 98 99 101 111 113 122 123 125 126 127 132 136 137 140 141 145 148 149 150
