16 141 30 50 84 89 90 98 103 107 108 127 128 131 132 136 141 150 
9 75 26 40 50 75 103 108 124 127 131 
14 87 23 30 40 61 80 84 87 103 108 124 127 131 135 136 
24 72 18 30 32 48 50 51 61 69 72 74 80 84 89 90 103 108 121 124 125 127 131 133 135 136 
13 18 18 23 50 51 61 89 90 103 121 125 127 135 136 
18 73 15 18 48 50 51 55 61 73 80 89 103 108 121 123 125 127 131 136 
9 34 15 34 51 83 89 103 112 125 127 
21 133 13 25 30 33 51 60 83 89 97 103 108 114 116 124 127 130 131 133 135 136 146 
37 54 13 16 30 32 33 40 48 50 51 54 60 61 62 69 74 80 83 84 89 90 91 96 99 103 104 114 118 121 125 127 130 133 135 137 144 146 147 
50 55 9 10 24 25 26 28 29 38 39 41 42 45 47 49 50 55 57 62 66 68 73 76 78 81 83 84 88 89 93 95 98 100 101 102 103 109 111 117 121 122 123 125 126 127 132 138 143 145 147 148 
13 116 8 51 83 89 90 103 108 116 124 125 127 133 146 
27 90 8 18 23 28 30 36 48 50 51 61 69 80 83 84 90 91 103 108 121 125 127 131 135 136 141 146 147 
29 80 8 23 30 40 48 50 51 60 61 69 80 84 89 90 103 105 107 108 121 124 125 127 131 133 135 136 138 146 147 
27 56 8 23 27 30 40 48 50 51 56 60 61 69 70 80 84 90 103 107 108 111 121 125 127 131 135 136 147 
15 52 8 44 50 51 52 84 89 90 103 107 108 124 127 131 135 
12 20 8 20 50 51 89 103 107 121 125 127 135 147 
32 147 7 15 18 27 30 40 50 51 54 60 61 69 80 83 84 88 89 90 102 103 107 108 114 121 124 125 127 131 132 135 136 147 
51 136 7 16 23 25 30 33 35 36 48 50 51 56 60 61 69 72 77 80 83 84 88 89 90 95 101 103 107 108 109 111 119 121 122 124 125 127 129 131 132 133 135 136 137 138 140 141 142 143 146 147 150 
38 135 7 8 30 32 33 36 40 47 48 50 51 54 56 60 61 69 80 89 90 95 96 103 107 108 109 114 121 124 125 127 129 131 132 133 135 136 146 147 
39 131 7 18 23 30 36 40 43 47 48 50 51 57 60 61 69 72 76 80 83 84 90 95 103 107 108 114 121 123 124 125 127 131 132 133 135 136 141 146 147 
36 124 7 8 13 15 23 30 40 48 50 51 54 60 61 62 69 78 80 83 89 90 92 103 107 108 114 121 124 125 127 131 133 135 136 144 146 147 
33 114 7 8 13 23 30 33 40 48 50 51 54 60 61 62 69 80 84 89 90 103 107 108 111 114 121 124 125 127 131 135 136 146 147 
32 107 7 8 13 18 23 27 30 36 40 48 50 51 56 60 61 69 80 84 89 90 92 103 107 108 121 124 125 127 131 135 136 147 
33 69 7 8 18 23 27 30 33 40 48 50 51 56 60 61 69 80 83 84 89 90 101 103 108 111 121 124 125 127 131 133 135 136 146 
32 61 7 18 23 27 29 30 33 36 40 48 50 51 61 62 69 70 80 84 90 103 107 108 114 121 124 125 127 131 135 136 146 147 
35 60 7 8 23 28 30 31 33 40 48 50 51 60 61 69 78 80 83 84 89 90 103 107 108 111 114 121 124 125 127 131 132 135 136 144 146 
29 48 7 8 23 27 30 33 35 40 48 50 51 56 61 69 80 83 84 89 90 103 107 108 121 124 125 127 135 136 146 
31 40 7 8 21 23 30 36 40 48 50 51 56 60 61 69 80 83 84 88 89 103 107 108 121 124 125 127 135 136 141 146 147 
39 32 7 16 30 32 33 40 48 50 51 54 56 60 67 69 74 80 84 90 91 92 96 99 103 104 107 108 109 118 124 127 129 133 135 136 137 141 144 146 147 
29 31 7 8 15 23 25 26 30 31 33 48 50 51 60 61 69 84 89 90 103 108 114 121 124 125 127 131 135 136 146 
33 30 7 18 23 28 30 33 36 40 48 50 51 54 56 60 61 69 80 83 84 89 90 91 103 121 124 125 127 133 135 136 141 146 147 
21 27 7 8 27 30 48 49 50 51 56 61 69 84 89 103 121 125 127 135 136 146 147 
28 23 7 8 15 18 23 30 33 36 40 48 50 51 54 56 60 61 69 80 84 90 103 121 125 127 135 136 146 147 
26 19 7 8 18 19 25 28 30 41 48 50 51 61 67 69 80 84 89 103 121 124 125 127 131 135 136 146 
22 14 7 14 18 26 30 49 51 61 69 78 84 90 97 102 103 107 116 121 123 124 125 127 
21 13 7 13 30 48 50 51 56 61 69 83 84 89 103 121 124 125 127 133 135 136 146 
26 8 7 8 18 23 26 27 30 33 48 50 51 61 68 69 70 80 84 103 121 124 125 127 131 135 136 146 
28 7 7 8 13 15 27 30 36 40 48 50 51 60 61 69 78 84 90 101 103 111 121 124 125 127 135 136 146 147 
55 88 6 10 24 25 26 28 29 35 36 38 39 40 41 42 43 44 45 47 49 50 62 66 76 78 83 84 86 88 89 93 95 97 98 101 102 103 109 111 117 119 121 122 123 125 126 127 128 132 136 137 138 140 143 145 148 
24 6 6 26 28 42 43 45 47 50 55 62 77 78 97 101 102 111 117 122 123 125 127 137 138 145 
67 150 5 6 10 11 16 24 25 26 28 29 33 35 36 38 39 41 42 43 44 47 49 50 54 57 58 62 64 66 74 76 78 83 84 88 89 91 92 96 98 99 100 101 102 103 109 111 117 121 122 123 125 126 127 132 135 136 137 138 140 141 142 143 145 146 147 148 150 
56 92 5 10 16 17 22 26 28 30 33 36 38 41 42 43 45 49 50 51 54 57 58 62 66 68 74 76 78 83 84 91 92 96 99 101 102 103 107 109 117 121 123 125 126 127 132 135 136 137 140 142 143 144 145 146 148 150 
30 63 5 10 28 40 42 43 45 47 49 50 62 63 66 74 76 78 83 84 89 91 101 111 122 123 125 127 130 137 140 145 
60 58 5 6 9 10 15 16 17 24 25 26 28 32 33 35 36 42 43 45 49 50 54 57 58 62 64 66 68 74 76 78 83 84 91 92 93 96 97 99 100 101 102 103 109 111 119 122 123 125 127 135 136 137 140 142 143 145 146 147 148 150 
72 148 4 6 9 10 11 17 21 22 24 25 26 28 29 33 35 36 38 39 40 41 42 43 44 45 47 49 50 62 66 68 71 76 78 79 81 83 84 85 88 89 93 95 96 97 98 100 101 102 103 106 109 111 117 118 119 121 122 123 125 126 127 128 131 132 137 138 142 143 145 147 148 150 
56 143 4 6 9 10 17 24 25 26 28 29 35 38 41 42 43 45 47 49 50 55 57 62 66 68 76 77 78 83 84 88 89 93 97 98 100 101 103 109 111 117 118 119 121 122 123 125 126 127 128 132 134 137 138 142 143 148 
63 138 4 6 9 10 15 17 22 24 25 26 28 29 35 36 38 41 42 43 44 45 47 49 50 57 62 66 68 70 71 76 83 84 86 88 89 93 95 97 98 100 101 102 103 109 111 117 118 119 121 122 123 125 126 127 131 132 136 137 138 142 143 145 148 
66 132 4 6 10 21 24 25 26 28 29 35 36 38 39 41 42 43 44 45 47 49 50 55 57 62 66 68 70 76 81 83 84 88 89 93 95 97 98 100 101 102 103 109 111 112 117 118 119 121 122 123 125 126 127 128 131 132 136 137 138 141 142 143 145 146 148 150 
51 128 4 6 10 24 25 26 28 35 38 39 41 42 43 44 45 47 49 50 55 57 62 66 76 78 83 84 88 89 98 100 101 102 103 109 111 117 119 121 122 123 125 126 127 128 132 137 141 142 143 145 148 
67 127 4 6 9 10 11 17 21 22 24 25 26 28 29 35 36 38 39 41 42 43 45 47 49 50 57 62 66 68 71 76 78 83 84 88 89 93 96 97 98 100 101 102 103 109 111 116 117 118 121 122 123 125 126 127 128 131 132 133 136 137 138 140 143 145 146 148 150 
58 126 4 6 9 10 17 22 24 25 26 27 28 29 33 35 36 38 41 42 43 45 47 49 50 62 66 68 70 76 78 83 84 88 89 93 98 100 101 102 103 106 109 111 119 121 122 123 125 126 127 128 132 136 137 143 145 147 148 150 
76 122 4 5 6 10 11 17 22 24 25 26 28 29 35 36 38 41 42 43 44 45 47 49 50 55 57 58 62 64 66 68 71 76 78 81 82 83 84 86 88 89 92 93 95 97 98 100 101 102 103 106 109 111 117 118 119 121 122 123 124 125 126 127 128 131 132 134 136 137 138 140 142 143 145 148 149 150 
54 120 4 6 10 24 25 26 28 29 38 41 42 43 44 47 49 50 57 62 66 68 76 83 84 88 89 93 97 98 100 101 102 103 106 109 111 112 117 118 119 120 121 122 123 125 126 127 131 132 136 137 138 143 145 148 
74 112 4 5 10 15 16 17 24 25 26 28 29 33 36 38 39 41 42 43 44 45 46 47 49 50 54 55 57 58 62 66 68 74 76 78 79 80 83 84 88 89 91 92 95 96 98 99 100 101 102 103 109 111 112 117 118 119 121 122 123 124 125 126 127 128 131 132 136 137 138 142 143 146 147 148 
20 129 2 8 40 50 51 61 80 89 90 102 103 108 121 124 127 129 131 135 136 147 
62 113 2 3 4 6 9 10 11 21 24 25 26 28 29 38 39 41 42 43 44 45 46 47 49 50 55 57 66 68 70 71 76 78 83 84 88 89 92 93 94 98 100 101 102 103 109 111 113 117 118 119 121 122 123 125 126 127 137 142 143 145 148 150 
31 16 0 16 23 30 32 33 36 50 51 54 60 67 74 80 83 84 90 91 96 99 103 104 108 123 127 131 133 136 137 144 146 
79 149 2 3 4 5 6 9 10 11 21 22 24 25 26 28 29 36 38 39 40 41 42 43 44 45 47 49 50 55 57 58 62 64 66 68 71 74 76 78 79 81 83 84 88 89 92 93 98 101 102 103 109 111 112 113 117 118 119 121 122 123 124 125 126 127 128 131 132 133 136 137 138 140 141 143 145 147 148 149 150 
77 102 2 4 6 9 10 11 14 17 21 24 25 26 28 29 33 35 36 38 41 42 43 44 45 46 47 49 50 55 57 58 62 66 68 70 71 76 77 78 81 83 84 88 89 92 93 94 97 98 100 101 102 103 109 111 117 118 119 121 122 123 124 125 126 127 129 131 132 134 135 137 138 140 142 143 145 146 148 
47 5 4 5 6 10 11 16 22 25 26 28 30 33 36 42 43 45 50 54 57 58 62 63 74 76 78 83 84 86 91 92 96 99 101 102 103 108 109 123 125 127 135 136 137 145 146 148 150 
82 85 2 3 4 5 7 9 10 11 17 21 22 24 25 26 28 29 33 35 36 38 39 41 42 43 44 45 46 47 49 50 54 56 57 60 62 66 68 70 71 74 76 77 78 79 83 84 85 88 89 92 93 95 96 97 98 99 100 101 102 103 109 111 117 118 119 121 122 123 124 125 126 127 132 134 135 136 137 145 146 148 149 150 
70 42 2 3 4 6 9 10 17 21 22 24 25 26 28 29 35 36 38 39 41 42 43 45 46 47 49 50 57 58 62 66 68 70 71 76 77 78 83 84 85 86 88 89 93 94 95 97 98 100 101 102 103 109 111 117 118 119 121 122 123 125 126 127 132 135 137 138 143 145 148 150 
33 139 0 5 10 17 26 42 45 47 49 50 57 62 66 74 76 83 89 98 101 103 108 111 119 122 123 125 127 132 137 138 139 142 143 
57 39 2 3 4 6 10 15 17 24 25 26 28 29 35 36 38 39 42 43 45 47 49 50 55 57 62 64 66 68 70 76 77 78 83 84 85 89 93 95 98 100 101 102 103 109 111 117 121 122 123 125 126 127 132 137 143 145 148 
43 15 2 4 7 8 15 23 25 26 30 39 48 49 50 51 54 58 60 61 62 69 78 79 84 89 90 101 103 107 109 114 121 123 124 125 127 131 135 136 138 144 145 146 147 
49 12 2 3 4 6 10 12 24 25 26 28 36 38 39 41 42 43 45 46 47 49 50 62 66 76 78 83 84 85 89 93 95 98 100 101 102 103 109 111 121 122 123 125 126 127 132 143 145 147 148 
62 109 3 4 10 11 21 22 24 25 26 28 29 35 36 38 41 42 43 44 45 47 49 50 58 62 66 68 70 76 77 78 83 84 85 89 93 95 96 98 100 101 102 103 109 111 117 118 119 121 122 123 124 125 126 127 128 131 132 136 137 143 145 148 
68 95 2 4 6 10 11 17 21 24 25 26 28 29 35 36 38 39 41 42 43 44 45 46 47 49 50 55 56 57 62 66 68 76 78 83 84 88 89 95 97 98 100 101 102 103 109 111 117 118 119 121 122 123 125 126 127 128 131 132 136 137 138 140 142 143 145 147 148 150 
39 1 1 2 10 21 24 25 26 28 38 41 42 43 45 49 50 51 66 75 78 79 84 89 92 93 100 101 102 103 109 117 121 122 123 125 126 127 145 147 148 
74 98 3 4 6 9 10 11 16 17 21 22 24 25 26 28 29 35 36 38 39 41 42 43 45 46 47 49 50 55 57 62 66 68 70 71 76 77 78 83 84 85 86 88 89 93 95 97 98 100 101 102 103 109 111 113 117 118 119 121 122 123 125 126 127 128 132 136 137 138 141 142 143 145 148 150 
75 142 0 2 4 5 6 9 10 22 25 26 28 38 39 41 42 43 44 45 46 47 49 50 55 57 58 62 66 67 68 71 74 76 78 83 84 88 89 92 93 95 96 98 100 101 102 103 106 108 109 111 112 113 117 118 119 121 122 123 125 127 128 131 132 134 135 136 137 138 139 140 142 143 145 147 148 
66 45 3 4 6 9 10 11 17 24 25 26 28 29 30 35 36 38 39 41 42 43 44 45 46 47 49 50 55 57 58 62 64 66 68 70 76 77 78 81 83 84 85 88 89 93 97 98 100 101 103 109 111 117 118 121 122 123 125 126 127 128 132 137 138 143 145 148 
44 46 2 4 6 10 17 24 25 26 28 29 35 38 39 42 43 45 46 47 49 50 62 64 66 76 78 86 89 93 97 98 100 101 102 103 109 111 117 122 123 125 127 137 143 145 
69 140 0 4 5 10 16 21 22 24 25 26 28 33 36 38 42 43 44 47 49 50 54 56 57 58 62 63 66 67 70 74 76 83 84 88 89 92 95 96 97 98 99 100 101 102 103 108 109 111 117 119 121 122 123 124 125 127 131 132 136 137 138 140 141 142 144 145 146 148 150 
62 43 3 4 6 9 10 11 17 24 25 26 28 29 35 36 38 39 41 42 43 45 46 47 49 50 57 62 66 68 70 76 77 78 83 84 85 86 88 93 95 97 98 100 101 102 103 109 111 117 121 122 123 125 126 127 128 132 136 137 143 145 147 148 
78 137 0 2 4 5 6 10 11 16 17 24 25 26 28 33 35 36 38 39 41 42 43 44 45 47 49 50 54 57 58 62 66 67 68 71 74 76 77 78 79 83 84 88 89 91 92 96 97 98 99 100 101 102 103 108 109 111 112 117 118 119 121 122 123 125 127 128 131 132 136 137 138 140 142 143 145 146 148 150 
89 79 0 4 5 6 7 8 10 11 15 16 17 21 22 24 26 28 29 30 32 33 35 36 38 39 42 43 44 45 46 47 49 50 54 57 58 60 62 66 67 68 69 71 74 76 79 83 84 88 89 91 92 93 94 96 97 98 99 100 101 102 103 108 109 111 112 117 118 119 122 123 125 127 130 131 133 134 135 136 137 138 140 141 143 144 145 146 147 148 150 
36 33 0 16 30 32 33 36 48 51 54 58 60 61 67 69 74 80 84 90 91 92 96 99 103 104 107 108 114 127 131 133 135 136 137 144 146 147 
39 130 0 4 5 7 8 23 27 30 32 33 40 48 50 51 54 56 60 61 63 67 69 74 79 84 90 91 99 104 108 118 121 127 130 131 135 136 137 144 146 
62 74 0 5 10 16 17 26 28 30 33 36 42 43 45 47 49 50 51 54 57 58 60 62 63 66 67 69 72 74 76 78 79 83 84 88 89 91 92 96 98 99 101 102 103 108 111 112 119 122 123 124 125 127 131 135 136 137 138 140 144 145 146 150 
62 4 3 4 6 10 17 21 24 25 26 28 35 36 38 39 41 42 43 45 46 47 49 50 57 62 66 68 70 71 76 77 78 83 84 85 86 89 92 93 95 97 98 100 101 102 103 109 111 117 118 121 122 123 125 126 127 128 132 137 142 143 145 148 
77 101 3 4 6 9 10 11 17 21 22 24 25 26 28 29 35 36 38 39 41 42 43 44 45 46 47 49 50 51 55 57 58 62 64 66 68 71 72 76 77 78 83 84 85 86 88 89 92 93 95 97 98 100 101 102 103 106 109 111 113 117 118 119 121 122 123 125 126 127 132 136 137 138 142 143 145 148 150 
96 145 2 3 4 5 6 7 9 10 11 16 17 21 22 23 24 25 26 28 29 35 36 38 39 40 41 42 43 44 45 46 47 48 49 50 51 55 56 57 58 60 62 63 64 66 68 69 70 71 76 77 78 79 83 84 86 88 89 92 93 95 96 97 98 100 101 102 103 106 109 111 113 117 118 119 121 122 123 124 125 126 127 128 129 131 132 134 136 137 138 142 143 145 146 147 148 150 
44 51 0 7 8 13 15 18 23 26 27 30 33 36 40 48 50 51 54 56 60 61 69 72 80 83 84 90 91 101 103 107 114 116 118 121 124 125 127 131 133 135 136 137 146 147 
17 67 0 8 49 50 67 84 90 97 103 105 108 122 125 127 131 137 146 
44 37 0 4 6 10 25 26 28 37 38 42 44 45 47 49 50 58 62 66 67 68 71 74 76 79 83 84 92 99 100 101 102 103 108 109 111 117 119 121 122 123 125 127 137 145 
59 134 3 4 10 11 13 24 25 26 28 29 35 36 38 39 41 42 43 45 47 49 50 62 64 66 68 69 76 78 83 84 85 88 89 90 91 98 100 101 103 107 109 111 121 122 123 124 125 126 127 131 132 134 136 137 143 145 146 147 148 
47 3 3 6 10 21 22 24 25 26 28 35 36 38 41 42 43 45 49 50 62 66 68 70 76 78 84 85 89 92 93 94 95 100 101 102 103 109 121 123 125 126 127 132 137 143 145 147 148 
64 100 3 4 6 9 10 11 17 21 24 25 26 28 29 35 36 38 39 41 42 43 44 45 47 49 50 55 57 58 62 66 68 70 71 76 77 78 83 84 85 88 93 98 100 101 102 103 109 111 117 118 121 122 123 125 126 127 128 132 136 137 142 143 145 148 
29 144 0 7 30 33 50 51 60 67 74 78 79 84 91 96 103 104 108 115 124 125 127 131 132 135 137 138 140 144 147 
62 47 4 6 9 10 11 17 21 22 24 25 26 28 29 35 38 39 41 42 43 44 45 47 49 50 57 62 66 68 70 76 78 83 84 88 89 95 97 98 100 101 102 103 109 111 117 121 122 123 125 126 127 128 131 132 135 137 138 142 143 145 147 148 
57 97 0 4 6 9 10 14 17 26 28 35 38 42 43 44 45 47 49 50 57 58 66 67 74 76 78 79 83 84 88 89 92 95 96 97 98 101 102 103 108 109 111 117 118 119 122 123 125 127 132 133 137 139 140 143 145 147 148 
22 0 0 43 44 50 51 68 74 79 84 91 94 97 102 108 109 125 127 130 137 144 145 146 
89 50 0 2 3 4 6 8 9 10 11 15 17 21 22 24 25 26 28 29 35 36 38 39 41 42 43 44 45 46 47 49 50 55 57 58 61 62 64 66 68 71 73 76 77 78 81 83 84 85 86 88 89 92 95 96 97 98 100 101 102 103 105 106 109 111 113 117 118 119 121 122 123 124 125 126 127 131 132 134 136 137 138 140 141 142 143 145 146 148 150 
36 2 2 4 10 25 26 28 36 41 42 43 45 46 50 55 62 66 68 76 83 84 89 93 100 101 102 103 109 117 121 123 124 125 126 127 137 145 
52 99 0 5 10 16 17 22 26 30 33 36 42 43 45 47 51 54 57 58 62 63 66 67 74 78 83 84 88 91 92 96 99 101 103 108 111 119 121 122 123 125 127 131 132 135 137 143 144 145 146 147 148 150 
70 96 0 2 4 5 6 10 11 22 24 25 26 28 29 36 38 41 42 43 44 45 46 47 49 50 55 56 57 58 62 66 67 68 71 74 76 78 79 83 84 86 88 89 91 92 95 96 98 100 101 103 108 109 111 117 118 119 122 123 125 127 131 132 135 136 137 138 143 145 147 148 
38 119 0 4 6 10 26 35 37 42 44 47 57 62 66 67 82 84 88 89 95 102 103 108 109 111 117 119 121 122 123 125 127 131 132 136 137 143 145 148 
45 22 3 6 10 22 24 25 26 28 35 36 38 41 42 43 45 47 49 50 64 66 70 78 83 84 85 89 93 99 100 101 103 109 111 118 121 123 124 125 126 127 132 137 145 147 148 
25 108 0 8 16 23 32 50 51 67 88 90 91 103 105 108 115 124 127 131 132 133 135 136 137 141 146 
52 11 3 4 5 6 10 11 21 24 25 26 28 35 36 38 41 42 43 45 47 49 50 66 68 70 71 76 78 83 84 85 86 88 93 96 98 100 101 102 103 109 117 121 122 123 125 126 127 132 137 145 146 148 
24 115 0 30 50 51 67 74 84 90 91 101 103 105 108 115 125 127 131 135 136 137 141 144 146 147 
56 44 0 4 8 10 22 24 25 26 28 29 35 38 39 41 42 43 44 45 47 49 50 57 62 66 68 76 78 83 84 89 90 93 95 96 97 98 100 101 103 105 109 111 117 119 121 122 123 124 125 127 128 136 143 145 147 148 
37 91 0 5 16 30 32 33 48 50 51 54 56 58 62 67 69 74 80 84 90 91 96 99 103 104 108 115 121 127 129 130 131 136 137 141 144 146 147 
46 94 0 3 6 8 10 24 25 26 27 28 38 41 42 43 45 46 49 50 66 68 69 71 76 78 83 84 85 88 89 93 94 100 101 102 103 109 121 122 123 125 126 127 137 143 145 148 
50 146 0 5 7 13 15 16 17 21 23 30 31 33 36 48 49 50 51 54 57 58 62 67 69 74 80 84 90 91 92 96 99 103 104 108 115 116 123 124 125 127 131 132 133 135 136 137 140 144 145 146 
71 49 3 4 6 9 10 11 15 17 21 22 24 25 26 28 29 33 35 36 38 39 41 42 43 44 45 46 47 49 50 55 57 62 66 67 68 70 71 76 77 78 83 84 85 88 89 93 94 97 98 100 101 102 103 109 111 117 121 122 123 125 126 127 128 132 136 137 138 143 145 147 148 
46 104 0 5 7 8 16 23 27 28 30 32 33 48 50 51 54 56 58 60 61 67 69 74 79 80 84 90 91 92 96 99 103 104 105 108 109 121 127 130 131 133 135 136 137 144 146 147 
18 105 0 44 50 67 78 80 89 90 103 105 107 108 111 124 127 129 131 135 
52 110 0 7 8 15 16 23 29 30 32 33 36 38 40 44 48 49 50 51 54 56 61 67 68 69 74 79 80 84 88 90 91 96 99 101 103 104 108 109 110 111 115 125 127 130 131 133 136 137 140 144 145 146 
61 36 2 3 4 6 10 22 23 24 25 26 28 29 35 36 38 39 40 41 42 43 45 47 50 57 58 62 66 68 70 76 78 83 84 85 88 89 93 94 98 100 101 102 103 109 111 117 118 121 122 123 125 126 127 129 131 132 138 143 145 146 148 
53 83 0 2 4 5 6 9 17 24 26 28 33 35 42 45 47 49 50 54 57 58 62 66 67 68 74 76 78 83 84 86 88 91 96 97 98 101 102 103 108 109 111 117 122 123 125 127 128 136 137 138 142 145 148 
65 21 3 4 6 10 11 21 22 24 25 26 28 29 30 33 35 36 38 39 40 41 42 43 45 47 49 50 57 61 62 66 68 70 71 76 78 83 84 85 89 92 93 98 100 101 102 103 109 111 117 118 121 122 123 125 126 127 132 133 135 137 143 145 146 147 148 
63 118 3 4 6 9 10 11 21 22 24 25 26 28 29 36 38 39 41 42 43 44 45 47 49 50 62 66 68 70 71 76 78 83 84 85 88 89 93 95 97 98 100 101 102 103 109 111 117 118 119 121 122 123 125 126 127 131 132 136 137 138 143 145 148 
68 26 3 4 6 9 10 11 17 21 22 24 25 26 28 29 35 36 37 38 39 41 42 43 44 45 46 47 49 50 55 57 58 62 66 68 70 71 75 76 77 78 83 84 85 88 89 93 96 97 98 100 101 102 103 109 111 117 121 122 123 125 126 127 132 137 143 145 147 148 
80 123 3 4 6 9 10 11 16 17 21 24 25 26 28 29 30 35 36 38 39 41 42 43 44 45 46 47 49 50 57 58 61 62 63 66 68 70 71 73 76 77 78 83 84 85 86 88 89 93 95 97 98 100 101 102 103 109 111 112 113 117 118 119 121 122 123 125 126 127 128 132 136 137 138 140 142 143 145 146 148 150 
72 29 3 4 6 9 10 11 17 21 24 25 26 28 29 30 33 35 36 38 39 41 42 43 44 45 46 47 48 49 50 55 61 62 66 68 69 70 71 76 77 78 80 83 84 85 89 93 95 97 98 100 101 102 103 106 109 111 117 118 121 122 123 125 126 127 131 132 137 138 143 145 147 148 
73 35 3 4 6 9 10 17 21 22 24 25 26 28 29 35 36 38 39 41 42 43 44 45 46 47 49 50 57 58 62 64 66 68 70 71 76 77 78 83 84 85 86 88 89 93 95 97 98 100 101 102 103 109 111 117 119 121 122 123 125 126 127 128 131 132 134 136 137 138 143 145 147 148 150 
65 38 3 4 6 9 10 11 17 21 24 25 26 28 29 30 32 35 36 38 39 41 42 43 45 47 49 50 57 62 64 66 68 70 76 77 78 83 84 85 89 93 94 97 98 100 101 102 103 109 111 117 118 121 122 123 125 126 127 128 131 132 137 138 143 145 148 
63 41 3 4 6 10 11 17 21 24 25 26 28 29 33 35 36 38 41 42 43 44 45 46 47 49 50 57 62 66 68 70 71 76 77 78 81 83 84 85 89 92 93 100 101 102 103 109 111 112 117 118 121 122 123 125 126 127 132 137 138 143 145 146 148 
68 62 3 4 6 9 10 11 17 24 25 26 28 29 35 36 38 39 41 42 43 44 45 46 47 49 50 57 58 62 64 66 68 70 71 76 77 78 83 84 85 86 88 89 93 95 98 100 101 102 103 109 111 117 119 121 122 123 125 126 127 128 131 132 137 138 143 145 147 148 
64 68 3 4 8 9 10 11 17 24 25 26 28 29 35 36 38 39 41 42 43 44 45 47 49 50 58 62 66 68 70 71 76 77 78 83 84 85 88 89 92 93 97 98 100 101 102 103 106 109 111 113 117 118 121 122 123 125 126 127 132 137 142 143 145 148 
61 70 3 4 6 9 10 17 21 22 24 25 26 28 29 35 36 38 39 41 42 43 45 47 49 50 55 62 66 68 70 71 76 78 83 84 85 88 89 93 95 98 100 101 102 103 109 111 117 118 121 122 123 125 126 127 131 136 137 138 143 145 148 
65 71 3 4 6 9 10 17 21 22 24 25 26 28 29 33 35 36 38 39 41 42 43 44 45 47 49 50 57 62 66 68 70 71 76 77 78 83 84 85 86 88 89 93 96 98 100 101 102 103 109 111 117 118 121 122 123 125 126 127 132 137 138 143 145 147 148 
69 76 3 4 6 9 10 11 17 21 24 25 26 28 29 35 36 37 38 39 41 42 43 44 45 46 47 49 50 57 58 62 66 68 70 71 76 77 78 83 84 85 86 88 89 92 93 94 95 97 98 100 101 102 103 109 111 117 121 122 123 125 126 127 131 132 137 138 143 145 148 
67 78 3 4 6 9 10 17 24 25 26 28 29 32 35 36 38 39 41 42 43 45 47 49 50 55 57 60 62 66 68 70 76 77 78 83 84 85 86 88 89 93 97 98 100 101 102 103 106 109 111 117 119 121 122 123 124 125 126 127 128 131 132 137 142 143 144 145 148 
53 81 3 4 6 10 24 25 26 28 29 36 38 39 41 42 43 44 45 46 47 49 50 60 62 66 76 78 81 83 84 88 89 93 97 98 100 101 102 103 109 111 119 121 122 123 125 126 127 131 132 137 143 145 148 
69 84 3 4 6 10 11 17 21 22 23 24 25 26 28 29 35 36 38 41 42 43 45 47 49 50 56 57 62 66 67 68 69 70 71 76 77 78 83 84 85 88 89 93 97 98 100 101 102 103 109 111 117 118 119 121 122 123 124 125 126 127 131 132 136 137 140 142 143 145 148 
66 89 3 4 6 10 17 22 24 25 26 28 29 35 36 38 39 41 42 43 45 47 49 50 57 62 63 66 68 69 70 76 78 82 83 84 85 86 88 89 93 95 97 98 100 101 102 103 109 111 117 119 121 122 123 125 126 127 131 132 137 140 141 142 143 145 148 150 
71 103 3 4 6 9 10 11 17 24 25 26 28 29 35 36 38 39 41 42 43 44 45 47 49 50 57 62 66 68 70 71 76 77 78 83 84 85 86 88 89 95 97 98 100 101 102 103 106 109 111 117 119 121 122 123 124 125 126 127 128 131 132 135 136 137 138 141 142 143 145 146 148 
67 111 3 4 6 7 9 10 17 21 24 25 26 28 29 35 36 37 38 41 42 43 44 45 47 49 50 57 62 66 68 70 71 76 77 78 83 84 85 86 88 89 95 97 98 100 101 103 105 106 109 111 117 119 121 122 123 125 126 127 131 132 137 138 142 143 145 148 150 
66 117 3 4 6 10 17 21 22 24 25 26 28 29 33 35 36 38 39 41 42 43 44 45 47 49 50 57 60 62 66 68 70 71 76 78 82 83 84 85 86 88 89 93 95 97 98 100 101 102 103 109 111 117 118 119 121 122 123 125 126 127 132 136 137 143 145 148 
72 121 3 4 6 9 10 11 17 21 22 23 24 25 26 28 29 30 35 36 38 39 41 42 43 44 45 46 47 49 50 57 61 62 66 68 70 71 76 77 78 80 83 84 85 89 93 98 100 101 102 103 106 109 111 117 118 119 121 122 123 125 126 127 128 131 132 136 137 138 143 145 147 148 
63 24 4 6 10 17 22 24 25 26 28 29 35 36 38 39 40 41 42 43 45 46 47 49 50 62 66 68 76 77 78 83 84 86 88 89 93 94 95 97 98 100 101 102 103 106 109 111 117 118 121 122 123 125 126 127 132 136 137 138 140 143 145 147 148 
77 125 3 4 6 9 10 11 13 17 21 22 23 24 25 26 28 29 35 36 38 39 41 42 43 44 45 46 47 50 57 58 62 66 68 70 76 77 78 82 83 84 85 86 88 89 93 96 97 98 100 101 103 106 109 111 116 117 118 119 121 122 123 125 126 127 128 131 132 133 136 137 138 142 143 145 146 148 150 
60 28 4 6 9 10 11 17 21 24 25 26 28 29 35 36 38 39 40 41 42 43 44 45 47 49 50 62 66 68 76 78 83 84 88 89 93 95 96 97 98 100 101 102 103 109 111 117 121 122 123 125 126 127 128 132 137 142 143 145 147 148 
60 9 4 6 9 16 17 22 24 25 26 28 29 33 35 38 41 42 43 45 47 49 50 54 55 57 58 62 66 68 70 76 77 78 83 84 89 92 96 97 98 99 100 101 102 103 109 111 121 122 123 125 126 127 132 137 138 142 143 145 146 148 
51 106 4 6 10 17 24 26 28 29 35 38 39 41 42 44 45 47 49 50 62 66 68 76 83 84 86 89 93 98 100 102 103 106 109 111 119 121 122 123 125 126 127 131 132 133 136 138 142 143 145 146 148 
50 10 4 9 10 24 25 26 28 29 35 38 39 41 42 45 47 49 50 55 57 58 62 66 68 76 78 84 88 89 93 95 97 98 100 101 102 103 109 111 117 121 122 123 125 126 127 128 137 138 143 148 
54 17 4 9 17 24 26 29 35 38 39 41 42 43 45 47 49 50 57 58 62 64 66 68 74 76 77 78 83 84 86 92 93 95 96 97 98 99 100 101 103 111 117 121 122 123 125 126 127 137 138 139 143 145 146 148 
53 25 4 6 10 11 21 22 24 25 26 28 36 38 41 42 43 45 47 49 50 57 58 68 70 71 77 78 83 84 89 93 94 98 100 101 102 103 109 111 117 118 121 122 123 125 126 127 132 136 137 142 143 145 148 
52 53 4 8 9 10 24 25 26 28 29 35 38 39 41 42 43 44 45 47 49 50 53 62 66 68 76 78 83 84 88 89 93 98 100 101 102 103 109 111 117 121 122 123 125 126 127 131 132 135 138 143 145 148 
77 57 4 5 6 9 10 16 17 21 22 24 25 26 28 33 35 36 38 39 41 42 43 44 45 46 47 49 50 54 55 57 58 62 66 68 71 74 76 78 83 84 86 88 89 92 93 95 96 97 98 99 100 101 102 103 109 110 111 117 119 121 122 123 125 127 128 131 135 137 138 140 142 143 145 146 147 148 150 
47 59 4 9 10 24 25 26 28 29 38 39 41 42 43 44 45 47 49 50 59 62 66 76 78 83 84 89 93 95 98 100 101 102 103 109 111 117 121 122 123 125 126 127 131 132 138 143 148 
52 64 4 6 7 10 17 24 25 26 28 35 38 39 41 42 43 45 47 49 50 62 64 66 70 76 78 83 84 88 89 93 94 98 100 101 102 103 109 111 121 122 123 125 126 127 131 132 135 137 138 143 145 148 
52 65 4 10 17 24 25 26 28 29 35 38 39 41 42 44 45 47 49 50 55 57 62 65 66 68 76 83 84 86 89 93 94 95 97 98 100 103 109 111 117 119 121 122 123 125 126 127 131 132 137 138 143 145 
51 66 4 9 10 17 24 25 26 28 29 35 38 39 41 42 43 45 47 49 50 55 57 58 62 66 68 76 78 83 84 89 93 97 98 100 101 102 103 109 111 117 121 122 123 125 126 127 128 137 143 145 148 
53 77 4 6 9 10 17 24 25 26 28 29 35 38 39 41 42 43 44 45 47 49 50 55 62 66 68 76 77 78 83 84 86 88 95 97 98 100 101 102 103 109 111 121 122 123 125 126 127 131 136 137 143 145 148 
37 82 4 10 25 26 28 29 38 41 42 45 47 49 50 62 68 76 82 83 84 88 89 93 100 103 109 111 117 119 121 122 123 125 126 127 132 138 148 
35 86 4 6 10 17 24 26 35 38 39 41 42 45 47 50 57 62 66 76 83 86 89 93 98 100 101 103 106 111 117 122 123 125 127 143 145 
55 93 4 9 10 17 22 24 25 26 28 29 35 36 38 39 41 42 43 44 45 47 49 50 55 57 62 66 68 76 78 83 84 88 89 93 95 98 100 101 102 103 109 111 117 118 121 122 123 125 126 127 128 132 138 143 145 
